0.5737344,0.2175902,-0.2747478,-0.18914397,0.27901855,-0.19165227,0.109714605,0.1709142,0.37650773,-0.50924957,-0.5459414,-0.52744424,0.55018747,0.2075423,-0.36478585,0.19877037,0.14826138,-0.12820162,0.14757904,-0.13066296,0.28191388,0.26195073,0.19429176,-0.057881854,0.4373794,0.7074279,0.27307656,-0.072530635,0.3848669,-0.23815407,0.03894351,0.36799544,-0.14127554,-0.20333347,-0.04889325,-0.13270366,-0.039413802,0.07870513,0.054942586,0.076244,-0.10382613,-0.09909257,-0.035215195,-0.17339952,-0.1419609,-0.10884973,0.17694646,0.2780601,0.34978816,-0.12669194,0.122369535,-0.29621345,0.29021925,-0.2255475,-0.004756549,0.16186035,0.19670059,0.18905635,0.20764816,-0.1501221,0.25900736,-0.13218072,-0.19305034,0.29442647,-0.27085745,-0.0017885197,-0.73951,-0.3637667,-0.19596115,-0.19062486,-0.06625623,-0.045532104,0.06460981,0.13267638,-0.1814399,-0.47212574,0.1319215,-0.26084787,-0.015433407,-0.12839504
0.2175902,0.08921234,-0.13525395,-0.09711214,0.07265579,-0.09088776,0.11985841,0.050976668,0.1947078,-0.22542258,-0.22573614,-0.2116079,0.27708557,0.06941075,-0.16848835,0.10114751,0.048824962,-0.034975037,0.051829625,-0.044827152,0.08562167,0.108526975,0.048247226,0.0007426798,0.122179866,0.23696296,0.105404586,-0.010005465,0.16663082,-0.08368108,-0.015636075,0.16047868,-0.025016265,-0.088367365,-0.03457491,-0.032727968,-0.035611987,0.0034326282,0.05209395,0.006883826,-0.026409077,-0.009808932,0.014418159,-0.097738534,-0.042335626,-0.0044414606,0.035861745,0.099346064,0.13456269,-0.06626211,0.0073248423,-0.10608457,0.18959142,-0.08395187,0.0235681,0.10224198,0.03589647,0.06864555,0.077521056,-0.04916393,0.101932205,-0.07452296,-0.06673635,0.12360339,-0.089468986,-0.025563287,-0.22052318,-0.21783456,-0.064053066,-0.05938679,-0.04777352,-0.04652656,-0.012021743,0.05809211,-0.049615692,-0.17611587,0.050453365,-0.10109388,-0.017449528,-0.02948861
-0.2747478,-0.13525395,0.27571356,0.20837307,0.020310149,0.1762682,-0.41573393,-0.017594261,-0.4212716,0.3937351,0.34817237,0.30629864,-0.581071,-0.056220043,0.31459415,-0.21476772,-0.03663516,-0.0019443599,-0.05145575,0.04063044,-0.0361612,-0.16805825,0.025031311,-0.07761896,-0.006628214,-0.19334754,-0.13930856,-0.0465026,-0.28023985,0.083229184,0.122478805,-0.27330416,-0.06492164,0.14960104,0.0978269,-0.018143293,0.1147878,0.0849228,-0.17139015,0.06575021,-0.010467916,-0.08145219,-0.11204822,0.23145592,0.014588372,-0.11886861,0.060292013,-0.10480166,-0.1763458,0.14521,0.12281007,0.11281635,-0.5080967,0.10064054,-0.11548717,-0.26714548,0.085444435,-0.0763569,-0.0937286,0.035824087,-0.14122017,0.17651941,0.062377222,-0.19642028,0.06818668,0.11636081,0.0759308,0.5449419,0.046192717,0.031372152,0.13683908,0.15760787,0.13859247,-0.09962003,-0.0022107381,0.21244842,-0.065131925,0.13497059,0.061215557,-0.02765762
-0.18914397,-0.09711214,0.20837307,0.1586208,0.033806156,0.13222945,-0.33297855,-0.003837286,-0.32104966,0.29035956,0.25086194,0.21778278,-0.44092897,-0.033143938,0.23459393,-0.16325292,-0.020794947,-0.009495742,-0.03294868,0.025145337,-0.012164662,-0.12118449,0.03243889,-0.06700142,0.021558478,-0.11437674,-0.09700355,-0.042476047,-0.20528047,0.05332832,0.10249367,-0.20065306,-0.06176822,0.109716125,0.0769304,-0.023011459,0.0913758,0.07425453,-0.13667451,0.05843455,-0.014957994,-0.07267567,-0.09373967,0.17845555,0.0031665019,-0.1038548,0.0601848,-0.06849654,-0.12253988,0.110854514,0.10790965,0.073926695,-0.39732653,0.06833469,-0.09467152,-0.20833336,0.08195813,-0.050740253,-0.06379007,0.020017367,-0.09943347,0.1361026,0.039069477,-0.14235952,0.039018348,0.09498181,0.016443048,0.42290106,0.02566369,0.013881179,0.10774099,0.12599178,0.117245,-0.07322849,-0.0129968785,0.14449847,-0.045090765,0.09421268,0.04907459,-0.030521005
0.27901855,0.07265579,0.020310149,0.033806156,0.30006382,-0.0029799966,-0.3344856,0.15173192,-0.07422092,-0.08762015,-0.17288215,-0.1991431,-0.0715856,0.1470285,-0.028001158,-0.031030545,0.10879824,-0.12998238,0.092291094,-0.086973965,0.24264874,0.081883505,0.22057389,-0.14063491,0.42929307,0.49932826,0.12368446,-0.122021884,0.08472167,-0.14872761,0.16964443,0.07529545,-0.21027733,-0.043111175,0.05568527,-0.15177232,0.08325481,0.16920969,-0.12820543,0.14628051,-0.114765085,-0.185844,-0.15478626,0.07416364,-0.12605526,-0.23553431,0.24092223,0.1655052,0.16066848,0.028664645,0.25323188,-0.17505807,-0.25302798,-0.11755716,-0.12807016,-0.123787805,0.28749016,0.10708173,0.10708009,-0.11152079,0.10760636,0.05662269,-0.12599494,0.0839976,-0.19741897,0.12247311,-0.6567215,0.21899569,-0.14618187,-0.15668423,0.080022015,0.12287662,0.21245876,0.02598989,-0.1833824,-0.24417137,0.06206536,-0.116116315,0.049972054,-0.15763363
-0.19165227,-0.09088776,0.1762682,0.13222945,-0.0029799966,0.11354479,-0.24953787,-0.019430805,-0.26701653,0.25795728,0.23320782,0.20767651,-0.36994925,-0.044025548,0.2038616,-0.13649124,-0.029383272,0.005699523,-0.038034048,0.030786298,-0.036235467,-0.11248271,0.0043072933,-0.04240896,-0.027218215,-0.15107124,-0.09622446,-0.023388455,-0.18479586,0.06149017,0.06971414,-0.17983043,-0.030517517,0.09853684,0.059950132,-0.0035554033,0.06938616,0.04557929,-0.103392385,0.034472454,-0.0005969777,-0.04245735,-0.06379908,0.14491965,0.016124303,-0.06386869,0.025900885,-0.07626389,-0.122026406,0.09187438,0.065457754,0.081930175,-0.31330633,0.07102342,-0.067439735,-0.16522372,0.039590295,-0.05484271,-0.066017054,0.029007122,-0.09659439,0.11051938,0.046861507,-0.1308398,0.054417558,0.06830099,0.08395821,0.33882692,0.037530147,0.02855831,0.083743624,0.094811805,0.07779002,-0.0654708,0.008383507,0.14971457,-0.045215126,0.09302935,0.036705192,-0.009362138
0.109714605,0.11985841,-0.41573393,-0.33297855,-0.3344856,-0.24953787,0.93611133,-0.12921154,0.6791672,-0.47500047,-0.32294106,-0.23621464,0.90545815,-0.069078736,-0.42227724,0.33931646,-0.058233432,0.13507286,-0.020197546,0.030297486,-0.19513609,0.15747164,-0.2603512,0.25434664,-0.42740655,-0.23113751,0.07373481,0.19081771,0.3153256,0.032107197,-0.34814912,0.31498095,0.30703005,-0.17048442,-0.19684643,0.18046018,-0.24920765,-0.29389355,0.3760594,-0.24308588,0.13179898,0.30584982,0.3180818,-0.4071264,0.10738673,0.4100342,-0.33158457,-0.018271519,0.089164905,-0.23724094,-0.43369317,0.016509693,0.98555416,-0.024564218,0.29581964,0.5087691,-0.41501844,0.00042988962,0.025323074,0.06216641,0.09283705,-0.3105572,0.038849782,0.19595937,0.10321586,-0.2913752,0.55956495,-1.0037131,0.08258502,0.11450963,-0.2775143,-0.35088784,-0.4148114,0.116292596,0.18980129,-0.05591223,0.030160334,-0.07522135,-0.13857238,0.20005828
0.1709142,0.050976668,-0.017594261,-0.003837286,0.15173192,-0.019430805,-0.12921154,0.079555765,0.004747039,-0.084900245,-0.12397269,-0.1331794,0.022328459,0.08106826,-0.04630483,0.0059093996,0.059484493,-0.06642373,0.05252923,-0.048704468,0.12804013,0.059038155,0.1105106,-0.064197354,0.22070323,0.27556404,0.077542745,-0.0578179,0.07188703,-0.08468243,0.074509524,0.066351265,-0.10118157,-0.037291087,0.018604739,-0.07594663,0.03101253,0.07810124,-0.04830248,0.06829646,-0.057758518,-0.0869795,-0.06795354,0.014503041,-0.06609013,-0.10864743,0.117358536,0.095472716,0.10026039,-5.7089695e-05,0.117317826,-0.101183,-0.07808001,-0.07047477,-0.053911176,-0.036312465,0.13867177,0.06263922,0.06440281,-0.060797527,0.06949623,0.011092462,-0.07091309,0.06300243,-0.10811085,0.050953723,-0.3443085,0.056894764,-0.07961586,-0.083493434,0.027115863,0.046971105,0.094816945,0.0234392,-0.09376633,-0.14672591,0.038426403,-0.07322316,0.019395072,-0.07798442
0.37650773,0.1947078,-0.4212716,-0.32104966,-0.07422092,-0.26701653,0.6791672,0.004747039,0.64992154,-0.5847305,-0.5032659,-0.4359332,0.89200026,0.06403338,-0.47327587,0.3303506,0.039847784,0.021752333,0.06472251,-0.04906665,0.019766917,0.2431462,-0.06988586,0.13811252,-0.05204124,0.22113284,0.19347838,0.088208,0.4129461,-0.104767926,-0.21037358,0.4037863,0.12892108,-0.22075,-0.15648541,0.049482547,-0.18620779,-0.15332785,0.27859136,-0.120920986,0.032483708,0.15046817,0.19239825,-0.3619105,-0.0039004553,0.21442704,-0.1263295,0.13507243,0.24432428,-0.22447008,-0.2229673,-0.14585109,0.8075241,-0.13569464,0.19375154,0.42323965,-0.17122883,0.100364946,0.12672284,-0.03822334,0.19870454,-0.2760193,-0.076418065,0.2858734,-0.07490099,-0.19426748,-0.020211963,-0.8585056,-0.048941623,-0.02493555,-0.21919803,-0.25690904,-0.24101564,0.14739163,0.02988092,-0.2870231,0.08984525,-0.18799123,-0.10010947,0.06476626
-0.50924957,-0.22542258,0.3937351,0.29035956,-0.08762015,0.25795728,-0.47500047,-0.084900245,-0.5847305,0.60783154,0.57475865,0.5240135,-0.81856084,-0.13933432,0.4692486,-0.3007597,-0.09586922,0.047940116,-0.11101245,0.09316485,-0.1474624,-0.27681744,-0.04969246,-0.05814409,-0.17734337,-0.47671875,-0.2512619,-0.02008325,-0.44135582,0.17934582,0.11216589,-0.42756972,-0.012443025,0.23478341,0.120766036,0.0328524,0.13470624,0.0576229,-0.1996081,0.038648065,0.029578662,-0.04606925,-0.10277406,0.30822328,0.07049155,-0.08116906,-0.00627183,-0.21732682,-0.31966537,0.20034987,0.0799982,0.23273437,-0.64137596,0.19253568,-0.11821968,-0.34083316,0.012181024,-0.15306666,-0.17837366,0.095751084,-0.2477665,0.23504168,0.14008833,-0.31896195,0.17645085,0.1216787,0.36714196,0.70834666,0.12439548,0.106906764,0.16809402,0.18161114,0.11891699,-0.15528166,0.068410754,0.4048781,-0.11912979,0.24198599,0.06966111,0.021281114
-0.5459414,-0.22573614,0.34817237,0.25086194,-0.17288215,0.23320782,-0.32294106,-0.12397269,-0.5032659,0.57475865,0.5716843,0.5342169,-0.714641,-0.17151399,0.43129957,-0.26109597,-0.12040193,0.08388004,-0.1288671,0.11113103,-0.20878288,-0.27490428,-0.11383288,-0.008305596,-0.29414937,-0.58565456,-0.26498598,0.020135857,-0.42394978,0.20807403,0.04786253,-0.4085838,0.054658685,0.22491105,0.0913006,0.07711951,0.09521757,-0.0011138599,-0.13957827,-0.011017668,0.06258034,0.016727392,-0.044059634,0.25430635,0.10295614,0.0006861524,-0.08110881,-0.24752861,-0.33816314,0.17142425,-0.007283659,0.26439428,-0.49826586,0.2101875,-0.06633542,-0.26812628,-0.079079136,-0.171367,-0.19415388,0.12114831,-0.25680262,0.19390506,0.1656048,-0.31351498,0.22071834,0.071203165,0.53628606,0.5692283,0.1577973,0.14533934,0.12629375,0.1250422,0.040531207,-0.14796197,0.11903846,0.44104657,-0.12670898,0.25426313,0.047073286,0.06853616
-0.52744424,-0.2116079,0.30629864,0.21778278,-0.1991431,0.20767651,-0.23621464,-0.1331794,-0.4359332,0.5240135,0.5342169,0.504908,-0.6241573,-0.1747102,0.3874934,-0.22729766,-0.12349296,0.094254114,-0.12851065,0.11194402,-0.22233334,-0.2566978,-0.13461342,0.013955663,-0.32650456,-0.5961561,-0.25422624,0.036404446,-0.38956764,0.20745459,0.016792871,-0.37448364,0.08047016,0.20639248,0.072680056,0.0915526,0.071978,-0.02666074,-0.10457664,-0.031982485,0.07301894,0.04305827,-0.015667822,0.21472076,0.11060902,0.03634286,-0.10862245,-0.24505861,-0.32486108,0.14797586,-0.04489022,0.26149443,-0.40436324,0.20460369,-0.03951485,-0.21947238,-0.113883786,-0.16851924,-0.188767,0.12456922,-0.24451542,0.16371039,0.16626838,-0.29132733,0.22607714,0.04468936,0.5761664,0.47258234,0.16239336,0.15291676,0.100082204,0.09246859,0.003782976,-0.13541938,0.13359666,0.42894983,-0.122007415,0.24354993,0.034247186,0.08481482
0.55018747,0.27708557,-0.581071,-0.44092897,-0.0715856,-0.36994925,0.90545815,0.022328459,0.89200026,-0.81856084,-0.714641,-0.6241573,1.2273915,0.10391206,-0.65807927,0.45409283,0.06646103,0.016614132,0.099181704,-0.076956615,0.052562457,0.3450987,-0.07383926,0.17658913,-0.027461411,0.35797548,0.28068283,0.109437585,0.58045304,-0.1604787,-0.27360997,0.566794,0.15663294,-0.31006852,-0.21084516,0.052739155,-0.24912778,-0.19468483,0.37234944,-0.15220407,0.033050213,0.18899865,0.2502691,-0.49330297,-0.018490048,0.27237877,-0.14986295,0.20417252,0.3549112,-0.30776462,-0.2823635,-0.22008581,1.091606,-0.2000546,0.2549169,0.57304955,-0.2071826,0.15005867,0.18654661,-0.06449499,0.28624794,-0.37622252,-0.118872315,0.404467,-0.12418938,-0.25621235,-0.09617895,-1.1657156,-0.08293212,-0.050790366,-0.29513296,-0.34288725,-0.3115826,0.20673807,0.022321347,-0.42269215,0.13082108,-0.27230084,-0.13339537,0.073288225
0.2075423,0.06941075,-0.056220043,-0.033143938,0.1470285,-0.044025548,-0.069078736,0.08106826,0.06403338,-0.13933432,-0.17151399,-0.1747102,0.10391206,0.08800356,-0.090059064,0.036091696,0.06392297,-0.0653433,0.05913992,-0.053836647,0.13157943,0.08199545,0.10564263,-0.05248378,0.21895713,0.29945472,0.096225426,-0.0505651,0.11049119,-0.095378585,0.056351386,0.104045615,-0.09080757,-0.057912398,0.0045980886,-0.07246865,0.014465962,0.06518996,-0.023572473,0.058205046,-0.0555826,-0.074449316,-0.051344354,-0.018277954,-0.0673427,-0.09058335,0.10744029,0.109076746,0.12388462,-0.02051194,0.098593235,-0.11584671,-0.0055570174,-0.08379616,-0.036988046,0.0017608854,0.12495155,0.07263494,0.07682425,-0.0651058,0.088545896,-0.013908285,-0.07883905,0.08990691,-0.11640352,0.03394344,-0.3508241,-0.020561324,-0.08515626,-0.086899,0.0075102733,0.024198757,0.074142314,0.03718794,-0.09231638,-0.17487167,0.047134873,-0.0913472,0.010536217,-0.07314143
-0.36478585,-0.16848835,0.31459415,0.23459393,-0.028001158,0.2038616,-0.42227724,-0.04630483,-0.47327587,0.4692486,0.43129957,0.3874934,-0.65807927,-0.090059064,0.36772925,-0.24244682,-0.06091229,0.020036275,-0.075180605,0.061780676,-0.083307885,-0.20791452,-0.008929804,-0.06543942,-0.08122873,-0.30864066,-0.1819124,-0.03273254,-0.33781862,0.12150924,0.1122194,-0.32820165,-0.0388543,0.17997576,0.10331281,0.0050833267,0.11815417,0.06896765,-0.17574847,0.05077943,0.0075948336,-0.062112633,-0.10273296,0.25430593,0.038436044,-0.0967608,0.028260738,-0.14927192,-0.23097938,0.16260748,0.09827443,0.16015542,-0.54279315,0.13625304,-0.1112795,-0.28697324,0.04929581,-0.10644284,-0.1264833,0.060443256,-0.1813619,0.1939353,0.09355704,-0.24099658,0.112501375,0.113246724,0.20016117,0.5911326,0.07834598,0.06304846,0.1441476,0.160762,0.123470336,-0.119380824,0.028881893,0.28694162,-0.08577726,0.17561074,0.062055618,-0.004888179
0.19877037,0.10114751,-0.21476772,-0.16325292,-0.031030545,-0.13649124,0.33931646,0.0059093996,0.3303506,-0.3007597,-0.26109597,-0.22729766,0.45409283,0.036091696,-0.24244682,0.16806865,0.022857064,0.008128948,0.035186905,-0.027065996,0.015670916,0.12610732,-0.03064094,0.06733453,-0.016731247,0.124445714,0.101691104,0.042264946,0.21292584,-0.056942616,-0.1035877,0.20802952,0.061039362,-0.11377447,-0.07867215,0.021796398,-0.093224704,-0.07445216,0.13939273,-0.05842149,0.013961191,0.07260915,0.094745,-0.18320265,-0.00488728,0.10414571,-0.059011623,0.072810896,0.12851828,-0.11402699,-0.108102694,-0.078537226,0.40676638,-0.07202781,0.09604988,0.21339719,-0.08088209,0.05373679,0.0672034,-0.022089627,0.103992045,-0.1397223,-0.041936252,0.14798585,-0.04280119,-0.096442,-0.025406225,-0.43359506,-0.028361648,-0.016337734,-0.11015416,-0.12843725,-0.1182601,0.075901404,0.011055796,-0.15225114,0.047328454,-0.098713845,-0.05,0.029470494
0.14826138,0.048824962,-0.03663516,-0.020794947,0.10879824,-0.029383272,-0.058233432,0.059484493,0.039847784,-0.09586922,-0.12040193,-0.12349296,0.06646103,0.06392297,-0.06091229,0.022857064,0.0465052,-0.0482287,0.042717755,-0.038995933,0.09641423,0.05753221,0.07835638,-0.04006985,0.16137798,0.21747848,0.06853137,-0.03810955,0.07658411,-0.06888929,0.04370839,0.07195163,-0.068113506,-0.040092874,0.0051053017,-0.053767882,0.012680612,0.049569387,-0.020388892,0.044081688,-0.041178927,-0.05633792,-0.039832655,-0.009425973,-0.049413722,-0.068893276,0.08030003,0.07861456,0.0882828,-0.012584708,0.07487011,-0.0834674,-0.013000529,-0.060041502,-0.029304264,-0.0033816479,0.09365631,0.052234884,0.055020392,-0.04739183,0.06283376,-0.0071655684,-0.05705571,0.06287049,-0.08466,0.027073987,-0.25742367,-0.005617799,-0.06199859,-0.06354362,0.007936711,0.020609347,0.05711259,0.025683006,-0.06812765,-0.12525631,0.033623703,-0.06500939,0.008843598,-0.05443079
-0.12820162,-0.034975037,-0.0019443599,-0.009495742,-0.12998238,0.005699523,0.13507286,-0.06642373,0.021752333,0.047940116,0.08388004,0.094254114,0.016614132,-0.0653433,0.020036275,0.008128948,-0.0482287,0.056477312,-0.041420434,0.038837712,-0.10642488,-0.039807457,-0.09529638,0.059219275,-0.18685374,-0.22197488,-0.057267345,0.051902328,-0.043844264,0.06675695,-0.07071404,-0.03957178,0.08982213,0.022485297,-0.021772094,0.06554849,-0.03333763,-0.07146322,0.0514714,-0.061970912,0.049646772,0.07878375,0.0645132,-0.026469473,0.05518253,0.09945799,-0.103264436,-0.07459201,-0.07427599,-0.008837799,-0.10705573,0.07894652,0.09734167,0.053636726,0.052809168,0.047158096,-0.12288723,-0.04847458,-0.04890785,0.0493924,-0.050323162,-0.020213827,0.05635018,-0.041435376,0.08755573,-0.050353333,0.28748766,-0.08162145,0.06472462,0.06892156,-0.03138088,-0.049498357,-0.088930294,-0.013791059,0.07969291,0.111491114,-0.028617727,0.053867787,-0.020202208,0.067859724
0.14757904,0.051829625,-0.05145575,-0.03294868,0.092291094,-0.038034048,-0.020197546,0.05252923,0.06472251,-0.11101245,-0.1288671,-0.12851065,0.099181704,0.05913992,-0.075180605,0.035186905,0.042717755,-0.041420434,0.040522885,-0.036534864,0.08569226,0.061699014,0.06571757,-0.02893162,0.13954416,0.20135534,0.06910389,-0.029486598,0.08620787,-0.065367624,0.028831607,0.081715636,-0.05401379,-0.0453396,-0.0026562698,-0.045025438,0.0026483901,0.03659098,-0.0052085174,0.033244815,-0.034730595,-0.04267402,-0.026244024,-0.024816403,-0.04363403,-0.05079485,0.06484933,0.0753042,0.08879581,-0.021317968,0.05566106,-0.08006415,0.025443148,-0.058998905,-0.01692324,0.016353639,0.074544884,0.050520174,0.05417349,-0.0434233,0.0643319,-0.018906247,-0.0536662,0.06834483,-0.07787296,0.014938308,-0.22730912,-0.044144776,-0.056758385,-0.057020873,-0.0030300627,0.006392533,0.03922037,0.02931716,-0.05854897,-0.12326131,0.03367255,-0.06575598,0.0032057515,-0.044910476
-0.13066296,-0.044827152,0.04063044,0.025145337,-0.086973965,0.030786298,0.030297486,-0.048704468,-0.04906665,0.09316485,0.11113103,0.11194402,-0.076956615,-0.053836647,0.061780676,-0.027065996,-0.038995933,0.038837712,-0.036534864,0.033097103,-0.07924854,-0.05317008,-0.062220853,0.029216105,-0.13048214,-0.1832462,-0.060891055,0.028883614,-0.073047005,0.058928356,-0.030350989,-0.06903059,0.052354332,0.038357235,-0.00019186406,0.04265692,-0.005623431,-0.03658805,0.009570747,-0.032929774,0.032807037,0.042188924,0.027642429,0.016898446,0.040457673,0.05081764,-0.062373523,-0.06764179,-0.0783155,0.015984582,-0.05548211,0.07187933,-0.009909211,0.052488107,0.01900899,-0.00799685,-0.07214088,-0.04521399,-0.048159067,0.03967879,-0.0563704,0.012868902,0.048542656,-0.058616236,0.07104982,-0.017174304,0.21076387,0.026411634,0.051881284,0.052532945,-0.0009102479,-0.010301971,-0.040519908,-0.024723237,0.054883495,0.10959892,-0.029745944,0.057875004,-0.0046781907,0.042809833
0.28191388,0.08562167,-0.0361612,-0.012164662,0.24264874,-0.036235467,-0.19513609,0.12804013,0.019766917,-0.1474624,-0.20878288,-0.22233334,0.052562457,0.13157943,-0.083307885,0.015670916,0.09641423,-0.10642488,0.08569226,-0.07924854,0.20629913,0.099491365,0.17643239,-0.10067205,0.35399106,0.44732442,0.12832561,-0.09134338,0.1233262,-0.13815257,0.11590847,0.114251904,-0.16032626,-0.06409694,0.027001338,-0.12122317,0.046402268,0.12274999,-0.072485596,0.10758565,-0.092288084,-0.1370825,-0.10569987,0.016569791,-0.106367216,-0.17073764,0.18639246,0.15607256,0.1658121,-0.004282019,0.18452303,-0.16545776,-0.11050391,-0.11587936,-0.08308991,-0.050501592,0.21983293,0.10261775,0.10594619,-0.0984957,0.11548175,0.01268781,-0.11547779,0.10666479,-0.17527556,0.07832374,-0.55413723,0.07547948,-0.12896177,-0.13475004,0.039519332,0.07074906,0.1479974,0.04044922,-0.15024894,-0.24134082,0.06347929,-0.12127588,0.029324828,-0.1242153
0.26195073,0.108526975,-0.16805825,-0.12118449,0.081883505,-0.11248271,0.15747164,0.059038155,0.2431462,-0.27681744,-0.27490428,-0.2566978,0.3450987,0.08199545,-0.20791452,0.12610732,0.05753221,-0.039807457,0.061699014,-0.05317008,0.099491365,0.13219878,0.053799532,0.004715951,0.13973007,0.27999678,0.1272034,-0.009097886,0.20408294,-0.09962317,-0.023944253,0.19671804,-0.025306264,-0.108277984,-0.04432363,-0.036436316,-0.04635222,-0.00031621108,0.06797823,0.004576971,-0.0296094,-0.007131733,0.02203482,-0.12304963,-0.04902944,0.0008570937,0.037911035,0.118571155,0.16231698,-0.0828384,0.0022362259,-0.12665884,0.24163614,-0.10079993,0.03264574,0.12996657,0.03669703,0.08212605,0.09311828,-0.057878524,0.12333692,-0.093824,-0.079251006,0.15081364,-0.105477095,-0.03496567,-0.25538784,-0.27569625,-0.075382896,-0.06932029,-0.06132683,-0.06093926,-0.020623649,0.07124468,-0.056498267,-0.211526,0.06081042,-0.12206896,-0.022959879,-0.032266207
0.19429176,0.048247226,0.025031311,0.03243889,0.22057389,0.0043072933,-0.2603512,0.1105106,-0.06988586,-0.04969246,-0.11383288,-0.13461342,-0.07383926,0.10564263,-0.008929804,-0.03064094,0.07835638,-0.09529638,0.06571757,-0.062220853,0.17643239,0.053799532,0.1625136,-0.10588683,0.31425503,0.3586874,0.08548141,-0.09110523,0.05174809,-0.10589289,0.12879094,0.045097843,-0.15643917,-0.026074633,0.044397015,-0.1118561,0.06521891,0.12708959,-0.100233816,0.10958577,-0.08446208,-0.13914806,-0.117521815,0.062854625,-0.091810614,-0.17692877,0.17871909,0.11738978,0.11121206,0.026346479,0.19003911,-0.12409308,-0.2040765,-0.08241638,-0.09807629,-0.10052331,0.2137608,0.07563626,0.074995406,-0.080380775,0.07363225,0.04798133,-0.090006776,0.054303985,-0.14211795,0.09400807,-0.47831672,0.18050122,-0.10539161,-0.11363133,0.06366254,0.09582245,0.16074994,0.0153719885,-0.13442692,-0.17105673,0.043070693,-0.08009674,0.038863447,-0.116500415
-0.057881854,0.0007426798,-0.07761896,-0.06700142,-0.14063491,-0.04240896,0.25434664,-0.064197354,0.13811252,-0.05814409,-0.008305596,0.013955663,0.17658913,-0.05248378,-0.06543942,0.06733453,-0.04006985,0.059219275,-0.02893162,0.029216105,-0.10067205,0.004715951,-0.10588683,0.08281787,-0.1923442,-0.17764193,-0.021309743,0.06668289,0.031280592,0.046547018,-0.10706242,0.033818465,0.111136094,-0.017654762,-0.04944699,0.07308685,-0.0661154,-0.097543344,0.10047832,-0.0824228,0.05445869,0.10419856,0.09775908,-0.09096814,0.053340707,0.13594067,-0.12383473,-0.048773505,-0.028828274,-0.048998915,-0.14491628,0.051100757,0.24046494,0.028139599,0.08654024,0.12225169,-0.15112157,-0.029433949,-0.02512098,0.04150145,-0.01356982,-0.06940466,0.041450687,0.010801021,0.07228378,-0.0842279,0.2779117,-0.23423257,0.054590315,0.06301509,-0.07012842,-0.09464911,-0.13040936,0.012984617,0.08341587,0.057599816,-0.011878296,0.018966664,-0.037777156,0.07809723
0.4373794,0.122179866,-0.006628214,0.021558478,0.42929307,-0.027218215,-0.42740655,0.22070323,-0.05204124,-0.17734337,-0.29414937,-0.32650456,-0.027461411,0.21895713,-0.08122873,-0.016731247,0.16137798,-0.18685374,0.13954416,-0.13048214,0.35399106,0.13973007,0.31425503,-0.1923442,0.6188197,0.74392176,0.19616188,-0.16959874,0.15840787,-0.22491625,0.22826748,0.14393687,-0.29424453,-0.08151732,0.06743256,-0.21611273,0.104912035,0.2325269,-0.16225472,0.20201479,-0.16384006,-0.25692305,-0.20823629,0.076649584,-0.18335126,-0.32358405,0.33895937,0.2518733,0.25421727,0.022373503,0.34854662,-0.26666698,-0.29813585,-0.18231192,-0.16933174,-0.14344001,0.40272108,0.16407403,0.16633134,-0.16519153,0.17326649,0.05854581,-0.18948069,0.14646253,-0.29304963,0.16116127,-0.9552124,0.24435444,-0.21643408,-0.22962417,0.09739013,0.1563768,0.2878017,0.0503702,-0.2636872,-0.3791139,0.097813874,-0.18470344,0.06397084,-0.22331233
0.7074279,0.23696296,-0.19334754,-0.11437674,0.49932826,-0.15107124,-0.23113751,0.27556404,0.22113284,-0.47671875,-0.58565456,-0.5961561,0.35797548,0.29945472,-0.30864066,0.124445714,0.21747848,-0.22197488,0.20135534,-0.1832462,0.44732442,0.27999678,0.3586874,-0.17764193,0.74392176,1.018989,0.3280953,-0.17138888,0.37776205,-0.3247402,0.19039893,0.3558053,-0.307948,-0.19802181,0.014787102,-0.2460438,0.048166722,0.22074649,-0.078621805,0.19718003,-0.18874209,-0.252233,-0.17347741,-0.064069174,-0.2289084,-0.3067263,0.36449397,0.37146103,0.4223779,-0.070923425,0.33390477,-0.394529,-0.014547104,-0.28553957,-0.124675274,0.008259851,0.4237707,0.24741443,0.2617949,-0.22149004,0.30202186,-0.048755687,-0.2683725,0.30711627,-0.3960402,0.114324346,-1.1925056,-0.07449915,-0.28969604,-0.2954903,0.024348095,0.080866985,0.25070286,0.1271883,-0.31360853,-0.5959045,0.16068706,-0.31148547,0.035272904,-0.24824832
0.27307656,0.105404586,-0.13930856,-0.09700355,0.12368446,-0.09622446,0.07373481,0.077542745,0.19347838,-0.2512619,-0.26498598,-0.25422624,0.28068283,0.096225426,-0.1819124,0.101691104,0.06853137,-0.057267345,0.06910389,-0.060891055,0.12832561,0.1272034,0.08548141,-0.021309743,0.19616188,0.3280953,0.13048024,-0.029709727,0.18886554,-0.11152708,0.010175636,0.18090309,-0.05938857,-0.099873215,-0.027679434,-0.058322866,-0.024441188,0.030197494,0.03474478,0.030231638,-0.045852065,-0.039528422,-0.009124736,-0.09132377,-0.06440531,-0.041679237,0.07562899,0.13066676,0.16701002,-0.06530865,0.04749717,-0.13926688,0.1599993,-0.10691584,0.004712145,0.08827304,0.08298088,0.08914404,0.098494716,-0.06931618,0.124296166,-0.06962011,-0.09010362,0.14341952,-0.12527391,-0.0076934444,-0.33549964,-0.19510144,-0.09044775,-0.08718132,-0.037762012,-0.029716263,0.020709233,0.065286644,-0.08108081,-0.22390647,0.06290578,-0.12474975,-0.010534179,-0.055830736
-0.072530635,-0.010005465,-0.0465026,-0.042476047,-0.122021884,-0.023388455,0.19081771,-0.0578179,0.088208,-0.02008325,0.020135857,0.036404446,0.109437585,-0.0505651,-0.03273254,0.042264946,-0.03810955,0.051902328,-0.029486598,0.028883614,-0.09134338,-0.009097886,-0.09110523,0.06668289,-0.16959874,-0.17138888,-0.029709727,0.05495179,0.0054130927,0.047474887,-0.084459536,0.008190507,0.09257605,-0.0037301898,-0.03575644,0.06281584,-0.049071927,-0.07905147,0.07481759,-0.0672709,0.04704595,0.0851751,0.07710357,-0.06172454,0.048037704,0.11012889,-0.10410336,-0.05113199,-0.039237358,-0.03162868,-0.117708124,0.053809293,0.1713369,0.032666255,0.06697087,0.08641133,-0.12610726,-0.031890426,-0.029468121,0.039304055,-0.02305674,-0.0470987,0.041351873,-0.005983915,0.0689129,-0.06486941,0.25027636,-0.16295497,0.051626634,0.057864375,-0.050861802,-0.070779614,-0.10371242,0.0035636039,0.07315088,0.06737339,-0.01557392,0.027308248,-0.028383354,0.06647037
0.3848669,0.16663082,-0.28023985,-0.20528047,0.08472167,-0.18479586,0.3153256,0.07188703,0.4129461,-0.44135582,-0.42394978,-0.38956764,0.58045304,0.11049119,-0.33781862,0.21292584,0.07658411,-0.043844264,0.08620787,-0.073047005,0.1233262,0.20408294,0.05174809,0.031280592,0.15840787,0.37776205,0.18886554,0.0054130927,0.32202402,-0.13924548,-0.06780554,0.31146768,-0.006532225,-0.17116006,-0.082324535,-0.03464801,-0.09027544,-0.028810114,0.13341527,-0.016916117,-0.02958898,0.019322015,0.062176052,-0.21510006,-0.059692297,0.04078954,0.022172859,0.16765375,0.24052538,-0.14125292,-0.038652644,-0.1793796,0.44035232,-0.14639518,0.075189024,0.23479083,0.012387588,0.1173848,0.1354927,-0.07669943,0.18518423,-0.16402379,-0.109486714,0.23439394,-0.14074828,-0.07807493,-0.31090978,-0.49077022,-0.0997398,-0.08799696,-0.11440282,-0.120929,-0.069493346,0.11301707,-0.062411577,-0.3076276,0.089797355,-0.18167277,-0.046176616,-0.02679862
-0.23815407,-0.08368108,0.083229184,0.05332832,-0.14872761,0.06149017,0.032107197,-0.08468243,-0.104767926,0.17934582,0.20807403,0.20745459,-0.1604787,-0.095378585,0.12150924,-0.056942616,-0.06888929,0.06675695,-0.065367624,0.058928356,-0.13815257,-0.09962317,-0.10589289,0.046547018,-0.22491625,-0.3247402,-0.11152708,0.047474887,-0.13924548,0.10544502,-0.046337694,-0.13199772,0.08698662,0.07323622,0.0043861764,0.07254991,-0.0041453694,-0.05888409,0.008210903,-0.05351151,0.055965517,0.0686921,0.042178374,0.040245954,0.07034244,0.08174065,-0.10445568,-0.121483356,-0.14330511,0.03451485,-0.089579485,0.12916376,-0.041552912,0.09519897,0.027151987,-0.026644457,-0.12005543,-0.08150739,-0.08741422,0.07002557,-0.103837915,0.03066137,0.086562976,-0.11036494,0.12558426,-0.023951853,0.36644503,0.07173462,0.09152941,0.09193657,0.0050304905,-0.010134021,-0.06306441,-0.04735857,0.094363436,0.19889331,-0.054341327,0.10612646,-0.005101167,0.072354406
0.03894351,-0.015636075,0.122478805,0.10249367,0.16964443,0.06971414,-0.34814912,0.074509524,-0.21037358,0.11216589,0.04786253,0.016792871,-0.27360997,0.056351386,0.1122194,-0.1035877,0.04370839,-0.07071404,0.028831607,-0.030350989,0.11590847,-0.023944253,0.12879094,-0.10706242,0.22826748,0.19039893,0.010175636,-0.084459536,-0.06780554,-0.046337694,0.14081892,-0.07007047,-0.13939108,0.037335124,0.069537625,-0.08899051,0.09123167,0.12539007,-0.13831507,0.10529759,-0.06597609,-0.13293473,-0.12860543,0.13354422,-0.06191227,-0.17480542,0.15400416,0.046635505,0.015087043,0.07417217,0.18592098,-0.04853201,-0.34169647,-0.022524191,-0.115624204,-0.17468065,0.18923314,0.02671372,0.019684326,-0.04550121,0.0007525764,0.10188056,-0.04254467,-0.034282073,-0.078618586,0.1129666,-0.32257894,0.3382953,-0.059952926,-0.071599275,0.098414354,0.12987204,0.17037152,-0.026323872,-0.099549726,-0.04540261,0.00703758,-0.007859277,0.05165128,-0.0959932
0.36799544,0.16047868,-0.27330416,-0.20065306,0.07529545,-0.17983043,0.31498095,0.066351265,0.4037863,-0.42756972,-0.4085838,-0.37448364,0.566794,0.104045615,-0.32820165,0.20802952,0.07195163,-0.03957178,0.081715636,-0.06903059,0.114251904,0.19671804,0.045097843,0.033818465,0.14393687,0.3558053,0.18090309,0.008190507,0.31146768,-0.13199772,-0.07007047,0.30141652,-0.0013259354,-0.16559516,-0.08147717,-0.030097503,-0.089877434,-0.032097388,0.1329507,-0.019969549,-0.02605828,0.023258748,0.06423442,-0.21117862,-0.0550941,0.045347143,0.015818812,0.15925203,0.23030952,-0.13819814,-0.043690447,-0.17043866,0.4347467,-0.13970417,0.07626328,0.23153572,0.005178017,0.11171284,0.12934121,-0.07199872,0.17770413,-0.16103515,-0.103571214,0.2261757,-0.1322952,-0.07893879,-0.2869561,-0.4830148,-0.09359923,-0.081916004,-0.113288455,-0.12066757,-0.07273841,0.109401844,-0.056369156,-0.29363585,0.08593355,-0.17408197,-0.04614984,-0.022315698
-0.14127554,-0.025016265,-0.06492164,-0.06176822,-0.21027733,-0.030517517,0.30703005,-0.10118157,0.12892108,-0.012443025,0.054658685,0.08047016,0.15663294,-0.09080757,-0.0388543,0.061039362,-0.068113506,0.08982213,-0.05401379,0.052354332,-0.16032626,-0.025306264,-0.15643917,0.111136094,-0.29424453,-0.307948,-0.05938857,0.09257605,-0.006532225,0.08698662,-0.13939108,-0.0013259354,0.15672278,0.0020307489,-0.056401644,0.107812494,-0.078510724,-0.13215275,0.1199071,-0.112828836,0.0809234,0.14296038,0.12723744,-0.09380997,0.08406449,0.18407401,-0.17695932,-0.09454823,-0.07800027,-0.046559013,-0.19698296,0.09964233,0.26803088,0.06231591,0.10948497,0.13455902,-0.21365795,-0.05959282,-0.056381967,0.07013721,-0.047969304,-0.071586624,0.075193174,-0.021520963,0.12327874,-0.10579412,0.43797165,-0.25141528,0.09207758,0.10204439,-0.08036004,-0.11369293,-0.17183614,0.00051845866,0.12662493,0.12880217,-0.030683441,0.05498116,-0.04570484,0.11360458
-0.20333347,-0.088367365,0.14960104,0.109716125,-0.043111175,0.09853684,-0.17048442,-0.037291087,-0.22075,0.23478341,0.22491105,0.20639248,-0.31006852,-0.057912398,0.17997576,-0.11377447,-0.040092874,0.022485297,-0.0453396,0.038357235,-0.06409694,-0.108277984,-0.026074633,-0.017654762,-0.08151732,-0.19802181,-0.099873215,-0.0037301898,-0.17116006,0.07323622,0.037335124,-0.16559516,0.0020307489,0.09098711,0.04429106,0.017430069,0.04872205,0.016534636,-0.07204049,0.010032746,0.014987664,-0.011589288,-0.03423007,0.11523211,0.030964687,-0.023381969,-0.010160624,-0.088271305,-0.12716945,0.075532705,0.022364594,0.09445905,-0.23660222,0.07726478,-0.04098568,-0.12607674,-0.0046200287,-0.061865024,-0.07152254,0.040135562,-0.09802096,0.08787031,0.05752203,-0.124429196,0.07370123,0.042486142,0.16127975,0.26325652,0.05218419,0.045848794,0.061567597,0.06534435,0.03853115,-0.060095947,0.032018814,0.16238013,-0.04746285,0.09608938,0.024972763,0.01320324
-0.04889325,-0.03457491,0.0978269,0.0769304,0.05568527,0.059950132,-0.19684643,0.018604739,-0.15648541,0.120766036,0.0913006,0.072680056,-0.21084516,0.0045980886,0.10331281,-0.07867215,0.0051053017,-0.021772094,-0.0026562698,-0.00019186406,0.027001338,-0.04432363,0.044397015,-0.04944699,0.06743256,0.014787102,-0.027679434,-0.03575644,-0.082324535,0.0043861764,0.069537625,-0.08147717,-0.056401644,0.04429106,0.042581912,-0.03086401,0.05287352,0.05659087,-0.07957849,0.046294447,-0.022223558,-0.058101904,-0.06354893,0.09139733,-0.015466149,-0.07899852,0.05979023,-0.009058149,-0.034372583,0.054439943,0.08322345,0.01025489,-0.21528685,0.015416906,-0.060390044,-0.11169115,0.07597512,-0.008792112,-0.014748308,-0.005825444,-0.030945463,0.06971405,0.0009281743,-0.053704362,-0.008677285,0.059780773,-0.08059994,0.22239342,-0.007898513,-0.014685067,0.059908938,0.07398795,0.08201408,-0.029934956,-0.030534076,0.033191957,-0.012252985,0.027421,0.029101958,-0.035077732
-0.13270366,-0.032727968,-0.018143293,-0.023011459,-0.15177232,-0.0035554033,0.18046018,-0.07594663,0.049482547,0.0328524,0.07711951,0.0915526,0.052739155,-0.07246865,0.0050833267,0.021796398,-0.053767882,0.06554849,-0.045025438,0.04265692,-0.12122317,-0.036436316,-0.1118561,0.07308685,-0.21611273,-0.2460438,-0.058322866,0.06281584,-0.03464801,0.07254991,-0.08899051,-0.030097503,0.107812494,0.017430069,-0.03086401,0.07699225,-0.045241736,-0.08769403,0.06951433,-0.07559094,0.058125652,0.0959758,0.081204854,-0.04400813,0.063095465,0.1220861,-0.12312036,-0.08038455,-0.07589503,-0.018608801,-0.13111626,0.08496791,0.14206687,0.056344908,0.067842394,0.07003556,-0.1473056,-0.051763445,-0.05126424,0.05516293,-0.05016694,-0.03359392,0.06169407,-0.036687855,0.097515,-0.06504733,0.32871622,-0.12597646,0.07232974,0.07804663,-0.04424549,-0.066433966,-0.11102514,-0.010237255,0.092462175,0.11693291,-0.029403599,0.054634042,-0.026935028,0.08021847
-0.039413802,-0.035611987,0.1147878,0.0913758,0.08325481,0.06938616,-0.24920765,0.03101253,-0.18620779,0.13470624,0.09521757,0.071978,-0.24912778,0.014465962,0.11815417,-0.093224704,0.012680612,-0.03333763,0.0026483901,-0.005623431,0.046402268,-0.04635222,0.06521891,-0.0661154,0.104912035,0.048166722,-0.024441188,-0.049071927,-0.09027544,-0.0041453694,0.09123167,-0.089877434,-0.078510724,0.04872205,0.05287352,-0.045241736,0.06652873,0.07618016,-0.10031072,0.06280749,-0.032916605,-0.078966625,-0.08335924,0.1106705,-0.025775814,-0.106302425,0.08434606,-0.00023455384,-0.02991191,0.064956695,0.112304345,0.0010301534,-0.26554924,0.010591199,-0.07803442,-0.13730265,0.106020086,-0.003553712,-0.010465892,-0.013685385,-0.02922976,0.08441816,-0.006746708,-0.05710713,-0.022328876,0.076979816,-0.13431509,0.27168304,-0.01824348,-0.026771333,0.07449249,0.09349208,0.108369015,-0.033125177,-0.04682173,0.023356574,-0.010365361,0.02461124,0.036875464,-0.05049566
0.07870513,0.0034326282,0.0849228,0.07425453,0.16920969,0.04557929,-0.29389355,0.07810124,-0.15332785,0.0576229,-0.0011138599,-0.02666074,-0.19468483,0.06518996,0.06896765,-0.07445216,0.049569387,-0.07146322,0.03659098,-0.03658805,0.12274999,-0.00031621108,0.12708959,-0.097543344,0.2325269,0.22074649,0.030197494,-0.07905147,-0.028810114,-0.05888409,0.12539007,-0.032097388,-0.13215275,0.016534636,0.05659087,-0.08769403,0.07618016,0.115095064,-0.115872025,0.09744611,-0.0654405,-0.12324438,-0.11448732,0.10246278,-0.06489228,-0.16038498,0.14763846,0.062263813,0.040464036,0.054532893,0.17109962,-0.06533125,-0.2741705,-0.037208833,-0.10082703,-0.13910483,0.17979054,0.037994813,0.03334166,-0.051272523,0.020910354,0.07817684,-0.052061208,-0.006757895,-0.089487605,0.09800621,-0.33809438,0.26546353,-0.067413256,-0.077114336,0.08032122,0.10927267,0.15307285,-0.01249396,-0.100679524,-0.076370195,0.016431645,-0.027228642,0.043667935,-0.09344104
0.054942586,0.05209395,-0.17139015,-0.13667451,-0.12820543,-0.103392385,0.3760594,-0.04830248,0.27859136,-0.1996081,-0.13957827,-0.10457664,0.37234944,-0.023572473,-0.17574847,0.13939273,-0.020388892,0.0514714,-0.0052085174,0.009570747,-0.072485596,0.06797823,-0.100233816,0.10047832,-0.16225472,-0.078621805,0.03474478,0.07481759,0.13341527,0.008210903,-0.13831507,0.1329507,0.1199071,-0.07204049,-0.07957849,0.06951433,-0.10031072,-0.115872025,0.15128307,-0.09562438,0.05063593,0.12025298,0.12637678,-0.16598812,0.04014546,0.16168082,-0.12902434,-0.0019109731,0.042394754,-0.09722166,-0.17086954,0.0008554633,0.39930698,-0.014182467,0.11807424,0.20636615,-0.1619696,0.0038348553,0.014138777,0.021923883,0.04210265,-0.1266145,0.011778184,0.083981566,0.0359819,-0.11642569,0.20919189,-0.40798572,0.02919201,0.04204782,-0.112138025,-0.14104584,-0.16444628,0.049024288,0.07230136,-0.03148224,0.014603769,-0.03510164,-0.055652354,0.077426344
0.076244,0.006883826,0.06575021,0.05843455,0.14628051,0.034472454,-0.24308588,0.06829646,-0.120920986,0.038648065,-0.011017668,-0.031982485,-0.15220407,0.058205046,0.05077943,-0.05842149,0.044081688,-0.061970912,0.033244815,-0.032929774,0.10758565,0.004576971,0.10958577,-0.0824228,0.20201479,0.19718003,0.030231638,-0.0672709,-0.016916117,-0.05351151,0.10529759,-0.019969549,-0.112828836,0.010032746,0.046294447,-0.07559094,0.06280749,0.09744611,-0.09562438,0.08268103,-0.05649739,-0.104619555,-0.09613557,0.08225177,-0.05674487,-0.1357759,0.12640342,0.05706771,0.040211733,0.043140374,0.14496197,-0.05996148,-0.22330081,-0.035200935,-0.084179744,-0.11302524,0.15358397,0.03518212,0.031644862,-0.04553652,0.022225978,0.0627585,-0.04698759,-0.00019539433,-0.07963982,0.08170617,-0.29564348,0.21467993,-0.05984531,-0.067837596,0.065765195,0.09029427,0.1288599,-0.007968439,-0.08732172,-0.07241895,0.016142167,-0.027529577,0.03613477,-0.080304444
-0.10382613,-0.026409077,-0.010467916,-0.014957994,-0.114765085,-0.0005969777,0.13179898,-0.057758518,0.032483708,0.029578662,0.06258034,0.07301894,0.033050213,-0.0555826,0.0075948336,0.013961191,-0.041178927,0.049646772,-0.034730595,0.032807037,-0.092288084,-0.0296094,-0.08446208,0.05445869,-0.16384006,-0.18874209,-0.045852065,0.04704595,-0.02958898,0.055965517,-0.06597609,-0.02605828,0.0809234,0.014987664,-0.022223558,0.058125652,-0.032916605,-0.0654405,0.05063593,-0.05649739,0.04392065,0.07175737,0.060200553,-0.030593764,0.047984675,0.091097504,-0.09257814,-0.06215894,-0.05960816,-0.012373329,-0.09789328,0.065727375,0.10160723,0.043893192,0.050034117,0.049891647,-0.11060545,-0.040132638,-0.039961044,0.042226385,-0.039694585,-0.023355922,0.047491327,-0.030137444,0.07470405,-0.047905743,0.24999082,-0.08897623,0.055358037,0.059513725,-0.031899333,-0.04846574,-0.08248131,-0.0089425985,0.07003767,0.091134496,-0.02305573,0.043005213,-0.019681925,0.06045715
-0.09909257,-0.009808932,-0.08145219,-0.07267567,-0.185844,-0.04245735,0.30584982,-0.0869795,0.15046817,-0.04606925,0.016727392,0.04305827,0.18899865,-0.074449316,-0.062112633,0.07260915,-0.05633792,0.07878375,-0.04267402,0.042188924,-0.1370825,-0.007131733,-0.13914806,0.10419856,-0.25692305,-0.252233,-0.039528422,0.0851751,0.019322015,0.0686921,-0.13293473,0.023258748,0.14296038,-0.011589288,-0.058101904,0.0959758,-0.078966625,-0.12324438,0.12025298,-0.104619555,0.07175737,0.13239285,0.121366225,-0.1027802,0.07226765,0.17171752,-0.16025724,-0.07338238,-0.052507706,-0.053721473,-0.18336727,0.077124506,0.27997115,0.045545265,0.106136985,0.1416315,-0.19462223,-0.045331776,-0.040969595,0.05818148,-0.029363776,-0.07842242,0.06023386,-0.0012848475,0.10179806,-0.1029849,0.3765173,-0.26872167,0.07645672,0.086503595,-0.08255534,-0.11358309,-0.16276954,0.009354588,0.11101642,0.09374252,-0.021033958,0.03605876,-0.04546919,0.101894975
