0.19975647,0.1861591,-0.09120502,-0.10690107,0.25538433,-0.30254766,0.010045769,0.11010837,0.12414218,-0.3691078,-0.11654637,-0.51267904,0.14073844,0.118721895,-0.14981206,0.17715004,0.11382999,-0.14606187,0.09977447,-0.16962858,0.16734006,0.16200969,0.15252227,-0.07662158,0.20982352,0.035500366,0.32347047,-0.26790935,0.09566051,-0.24649133,-0.12787926,0.109643295,-0.14343168,-0.10149934,-0.06671892,-0.045189194,-0.05809128,-0.0024841654,-0.0109831365,-0.0013707652,-0.08521252,-0.026657337,-0.007058524,-0.113575086,-0.05922289,-0.032425355,0.08713968,0.07747078,0.016025458,-0.49274227,0.013319347,-0.035363477,0.17912917,-0.23464435,0.10389519,0.18583338,0.09371635,0.09993447,0.06741044,-0.19039762,0.12932451,-0.1376857,-0.13078773,0.15193047,-0.12744173,-0.034145672,-0.058550052,-0.050618757,-0.21174766,-0.14910397,-0.11302601,-0.016858304,0.064601876,0.060176,0.17612432,-0.2426731,0.043162677,-0.1555257,-0.10102921,-0.039306164
0.1861591,0.1868535,-0.12344081,-0.15360026,0.2104586,-0.29877904,0.031789202,0.08104672,0.1569516,-0.40255797,-0.1347424,-0.5141036,0.21903254,0.07930441,-0.1423819,0.1430589,0.064701505,-0.0888537,0.05015996,-0.12861244,0.122773305,0.15949488,0.09622681,-0.01838976,0.14457995,0.01050155,0.314137,-0.12955767,0.0964228,-0.20626783,-0.19998075,0.11544203,-0.07211315,-0.124928325,-0.046830095,-0.026791262,-0.036163595,-0.039233107,0.013422658,-0.027910266,-0.0569274,0.012154104,0.03882504,-0.08663743,0.015158833,0.033186786,0.05055524,0.049722552,-0.023929175,-0.46143705,-0.014945985,-0.054033205,0.22307236,-0.22429045,0.122608826,0.25149933,0.040151082,0.03846357,0.018403457,-0.14874865,0.14438778,-0.112411104,-0.109465204,0.15645067,-0.08972774,-0.06400225,-0.030927334,-0.111811295,-0.16773605,-0.115070805,-0.20385332,-0.038235176,-0.004215348,0.06455391,0.20910561,-0.22497277,0.0020977613,-0.20649935,-0.06439571,-0.013361498
-0.09120502,-0.12344081,0.15221609,0.20405556,-0.037387487,0.18653195,-0.06909238,0.011756845,-0.17535302,0.3370027,0.12836647,0.3385509,-0.31700376,0.03592333,0.07636133,-0.017512808,0.067045614,-0.069257595,0.077612855,-0.0073117116,0.019016989,-0.09845621,0.062417902,-0.11750224,0.050773375,0.04874288,-0.18417558,-0.22315514,-0.06459803,0.045110635,0.29080352,-0.08820581,-0.11155794,0.13360141,-0.013679557,-0.023436652,-0.02517213,0.10731856,-0.06303139,0.07722764,-0.025764555,-0.09423988,-0.12736641,-0.0033862193,-0.17530316,-0.16756171,0.04837801,0.029270768,0.104463816,0.23140694,0.0726082,0.076768085,-0.24324775,0.12329353,-0.121602066,-0.31010076,0.0929282,0.11161005,0.096978605,0.0044170916,-0.12769198,0.017126001,0.023993015,-0.11211515,-0.025335232,0.10814946,-0.041252997,0.20902498,0.011549695,-0.0006166612,0.33497334,0.0724823,0.15578939,-0.051848516,-0.20975865,0.107401304,0.08995388,0.24807079,-0.039458074,-0.04898058
-0.10690107,-0.15360026,0.20405556,0.27517673,-0.025450347,0.22985677,-0.095942736,0.028165875,-0.23305242,0.4340715,0.16788708,0.4210427,-0.43017426,0.06300795,0.09134887,-0.005830136,0.10618599,-0.1127046,0.1195342,-0.028227327,0.044419337,-0.121078745,0.10378567,-0.17308773,0.09350413,0.07219459,-0.22433293,-0.34168062,-0.080567054,0.037235394,0.39475048,-0.11223204,-0.17181624,0.1768303,-0.02627097,-0.0376903,-0.041493103,0.1504134,-0.08965975,0.1082833,-0.045196686,-0.13513651,-0.17957126,-0.016780509,-0.25239852,-0.23869193,0.07715029,0.04929969,0.14836523,0.27272242,0.10335306,0.10403867,-0.32255492,0.14825948,-0.15972939,-0.41570738,0.14039564,0.16728358,0.14329697,-0.013959144,-0.16558705,0.0094658565,0.019837625,-0.14132331,-0.04906547,0.14822742,-0.0641194,0.28811347,-0.006205602,-0.016654097,0.45833814,0.09998086,0.22557057,-0.06642398,-0.27585402,0.12509647,0.13086663,0.33182582,-0.066097334,-0.07293131
0.25538433,0.2104586,-0.037387487,-0.025450347,0.38325465,-0.35213032,-0.03336928,0.1852103,0.0736951,-0.35119888,-0.09516113,-0.5806045,-0.0011384677,0.21635313,-0.18582883,0.27188185,0.23079516,-0.28413063,0.21579841,-0.2775901,0.2823015,0.18958408,0.28960326,-0.20720182,0.37326264,0.09191854,0.38741162,-0.5900202,0.107311666,-0.3634433,0.0030147354,0.11284924,-0.3102121,-0.06725158,-0.116922624,-0.08934505,-0.11130367,0.072895676,-0.06279067,0.053125862,-0.15527336,-0.11031493,-0.10257972,-0.18477958,-0.22067608,-0.17210451,0.1745681,0.14535527,0.100569144,-0.6253537,0.07340257,-0.0017813138,0.113340475,-0.28841096,0.079694755,0.076210365,0.21704371,0.24041127,0.17770927,-0.30253378,0.11616064,-0.20879586,-0.19280104,0.16361567,-0.22276808,0.022655934,-0.12356078,0.06847546,-0.33170304,-0.23983982,0.058506526,0.024859805,0.2153326,0.059472412,0.13250792,-0.3126871,0.133745,-0.07198799,-0.19047847,-0.09819934
-0.30254766,-0.29877904,0.18653195,0.22985677,-0.35213032,0.47941402,-0.043447144,-0.13961962,-0.2399624,0.6327802,0.20941134,0.8222183,-0.32377818,-0.1403674,0.23038653,-0.24057315,-0.12031457,0.16172338,-0.09721012,0.21981943,-0.21168756,-0.2560936,-0.17321071,0.049311526,-0.25364408,-0.025341036,-0.505891,0.25456676,-0.15404226,0.3438184,0.29540458,-0.18275851,0.13975187,0.19191939,0.08173175,0.04915514,0.065358624,0.050235845,-0.013146655,0.035602197,0.10075704,-0.006197891,-0.04646385,0.14784104,0.001139028,-0.030704916,-0.093393624,-0.08904401,0.024650855,0.7491131,0.014266573,0.080093056,-0.34197193,0.36246064,-0.1898176,-0.38004562,-0.082542166,-0.08254103,-0.046183683,0.25225887,-0.2259162,0.18851803,0.18245439,-0.24881999,0.15646589,0.09222654,0.05892373,0.15803444,0.28345057,0.19576484,0.29520792,0.053887594,-0.01675159,-0.1018089,-0.32336426,0.36606094,-0.01737838,0.31305012,0.11555887,0.03024068
0.010045769,0.031789202,-0.06909238,-0.095942736,-0.03336928,-0.043447144,0.038136076,-0.030649416,0.075473204,-0.11684629,-0.049703714,-0.08672847,0.15452254,-0.046608593,-0.012177701,-0.028059786,-0.06370752,0.07196218,-0.066835225,0.040916603,-0.04725067,0.022431752,-0.06936796,0.08510304,-0.07495577,-0.036105745,0.037551776,0.18806909,0.017015671,0.02694232,-0.14201647,0.027766595,0.09607077,-0.056008812,0.022396047,0.02343621,0.027236354,-0.062070012,0.039143912,-0.04475635,0.033441965,0.060736787,0.075827256,0.02651526,0.11506326,0.10475705,-0.047050443,-0.03381466,-0.06440395,-0.028531218,-0.045235544,-0.03714356,0.103200294,-0.021227224,0.04849105,0.14075197,-0.07446083,-0.086702846,-0.07113989,0.038561836,0.046549305,0.01975849,0.014262038,0.032577798,0.042315852,-0.055713736,0.036716625,-0.11100252,0.039013904,0.032576196,-0.17099325,-0.038641706,-0.10484168,0.01724498,0.0843129,-0.010221378,-0.061802704,-0.111113854,0.04484786,0.03706672
0.11010837,0.08104672,0.011756845,0.028165875,0.1852103,-0.13961962,-0.030649416,0.09549125,0.0018554261,-0.10894486,-0.022081763,-0.22398835,-0.064209685,0.116002426,-0.07811291,0.13319738,0.12951213,-0.15677537,0.1240925,-0.14105116,0.14577001,0.07556574,0.15815419,-0.12777743,0.19788386,0.056005236,0.1578335,-0.34148312,0.040992785,-0.17369798,0.05989355,0.039038137,-0.1783818,-0.006996833,-0.061539464,-0.049631063,-0.06102112,0.058198612,-0.044226944,0.04221693,-0.083249755,-0.07438901,-0.07714946,-0.0935943,-0.14615612,-0.12017833,0.09749148,0.07896641,0.071540855,-0.26799873,0.051485535,0.014515166,0.008161102,-0.120273836,0.01566258,-0.023929857,0.12779318,0.14329362,0.10882735,-0.15123932,0.032776546,-0.101552896,-0.09213154,0.05976582,-0.11710261,0.03310287,-0.07041265,0.0763931,-0.16447493,-0.120724805,0.096663944,0.027051028,0.1395519,0.019496717,0.024522064,-0.13567115,0.08531018,0.013600774,-0.10370121,-0.05921119
0.12414218,0.1569516,-0.17535302,-0.23305242,0.0736951,-0.2399624,0.075473204,0.0018554261,0.20451397,-0.4102028,-0.15308766,-0.43073627,0.35872078,-0.022948803,-0.10164631,0.042081185,-0.056993518,0.055130746,-0.07018226,-0.0144498395,0.0015864432,0.12696277,-0.04694091,0.11603652,-0.02691149,-0.047646426,0.24018368,0.20428339,0.08190344,-0.08081494,-0.32891133,0.10907824,0.10087491,-0.15672815,0.0059114913,0.019213205,0.019379854,-0.11550514,0.06620414,-0.083064,0.016450683,0.09763804,0.13576695,-0.011294805,0.18035778,0.17557178,-0.040467035,-0.021231314,-0.110008284,-0.31312445,-0.07617527,-0.08703901,0.28460917,-0.16316675,0.14416488,0.35723975,-0.08741562,-0.10664838,-0.09522049,-0.029767683,0.15404342,-0.036478605,-0.042941846,0.1402972,0.010439036,-0.1205587,0.03657819,-0.23098771,-0.040229063,-0.018937351,-0.37436375,-0.0800069,-0.15870778,0.06355584,0.24827236,-0.14716592,-0.09086855,-0.28668287,0.029068071,0.04740128
-0.3691078,-0.40255797,0.3370027,0.4340715,-0.35119888,0.6327802,-0.11684629,-0.10894486,-0.4102028,0.9387298,0.3298606,1.1065,-0.64514935,-0.08204751,0.28894925,-0.23078157,-0.028992083,0.06275681,0.0033023118,0.18429215,-0.16382079,-0.3366672,-0.08062125,-0.09075457,-0.16438137,0.033366207,-0.6532955,-0.031345606,-0.20863703,0.35272044,0.59041417,-0.2607168,-0.004724253,0.32050085,0.056025453,0.016354239,0.028574746,0.1663776,-0.08338366,0.1192469,0.058919042,-0.112875804,-0.18592913,0.12569281,-0.19886811,-0.2179469,-0.026684456,-0.04465739,0.14070265,0.920281,0.09528374,0.15771042,-0.57700205,0.4581944,-0.30497837,-0.6865864,0.033617172,0.05491768,0.07009615,0.22609115,-0.3435549,0.18472452,0.18724015,-0.3458661,0.108226344,0.2041215,0.004601746,0.37679914,0.26155654,0.1708462,0.64060056,0.12986022,0.16293879,-0.14832883,-0.5225145,0.44323036,0.08732928,0.5571566,0.0562777,-0.029343642
-0.11654637,-0.1347424,0.12836647,0.16788708,-0.09516113,0.20941134,-0.049703714,-0.022081763,-0.15308766,0.3298606,0.11907774,0.3701247,-0.2538962,-0.008009027,0.092816845,-0.060285743,0.014479932,-0.007180256,0.02550098,0.04135901,-0.032778244,-0.11116547,0.0007670692,-0.058936078,-0.02279736,0.023433307,-0.21352418,-0.07850115,-0.07003194,0.0979815,0.23257661,-0.08989639,-0.036648896,0.11852618,0.008924529,-0.0035872278,-0.0012429925,0.07361971,-0.039840873,0.052863713,0.005761642,-0.05677146,-0.08463936,0.02871785,-0.10297353,-0.10503078,0.009081707,-0.0012641671,0.06662411,0.29185703,0.04571189,0.061835382,-0.21425161,0.14788447,-0.11102492,-0.26152062,0.037564944,0.04856416,0.047502495,0.055003125,-0.12210926,0.049244434,0.052027784,-0.11769623,0.017586987,0.08283176,-0.012047383,0.15589295,0.06568202,0.0403038,0.25854084,0.053868372,0.08824151,-0.051675025,-0.19066939,0.13927579,0.04935049,0.21108316,0.0007743839,-0.022555437
-0.51267904,-0.5141036,0.3385509,0.4210427,-0.5806045,0.8222183,-0.08672847,-0.22398835,-0.43073627,1.1065,0.3701247,1.4145069,-0.60000503,-0.21954659,0.39201632,-0.39478582,-0.17969698,0.2464265,-0.13970245,0.35527194,-0.33932632,-0.43893552,-0.26668257,0.052579857,-0.40003046,-0.029745208,-0.86466503,0.36118308,-0.2652813,0.5689137,0.54779464,-0.31744137,0.20084478,0.3429433,0.12952937,0.07434183,0.10024984,0.10670001,-0.03610239,0.07589246,0.15759765,-0.032122027,-0.10526656,0.23929894,-0.039179783,-0.08908195,-0.14034691,-0.13775526,0.06448224,1.2707082,0.040162563,0.14803734,-0.61228883,0.617487,-0.3367216,-0.6897668,-0.1122974,-0.10792309,-0.052303813,0.4106982,-0.39677054,0.3101586,0.30191857,-0.4303201,0.24816842,0.17508669,0.08603597,0.3055675,0.4630224,0.31777465,0.55781317,0.10447701,0.009258045,-0.17747112,-0.57423216,0.6196143,-0.0071686045,0.5664491,0.17843063,0.03764652
0.14073844,0.21903254,-0.31700376,-0.43017426,-0.0011384677,-0.32377818,0.15452254,-0.064209685,0.35872078,-0.64514935,-0.2538962,-0.60000503,0.6768735,-0.12236931,-0.12374474,-0.02003909,-0.19184877,0.20783423,-0.21123694,0.07423168,-0.10021118,0.17011239,-0.19439094,0.29456386,-0.18720439,-0.123452455,0.31129748,0.60092473,0.11521869,-0.019530335,-0.62134624,0.16443913,0.303631,-0.27096432,0.05389176,0.06889374,0.07723556,-0.24446262,0.14779918,-0.17605941,0.08778616,0.22444937,0.29352313,0.04625192,0.4207835,0.3940017,-0.14012867,-0.09317541,-0.24421372,-0.36185938,-0.17048168,-0.1634825,0.49526682,-0.20225519,0.24272422,0.6458037,-0.24418999,-0.28900078,-0.24452828,0.054464895,0.2480216,0.0075414,-0.010493986,0.20475125,0.1011242,-0.2356259,0.11414821,-0.46061784,0.045400955,0.05196874,-0.72734463,-0.15996107,-0.37800357,0.09810862,0.4197375,-0.16320686,-0.22024931,-0.51429474,0.12444955,0.12528628
0.118721895,0.07930441,0.03592333,0.06300795,0.21635313,-0.1403674,-0.046608593,0.116002426,-0.022948803,-0.08204751,-0.008009027,-0.21954659,-0.12236931,0.14402567,-0.08255001,0.15694001,0.16466571,-0.1976207,0.15969455,-0.16990523,0.17723444,0.07632925,0.19828956,-0.16983156,0.24417946,0.07404171,0.16250989,-0.44082907,0.039801113,-0.20146288,0.11344162,0.034072522,-0.22955802,0.010800924,-0.07563391,-0.0627786,-0.076663025,0.08507533,-0.06199259,0.06162407,-0.103358485,-0.10257995,-0.1106395,-0.11253003,-0.2001298,-0.16791998,0.12365351,0.098734066,0.10063789,-0.28761178,0.072056666,0.028395658,-0.025145661,-0.12628527,0.0012954233,-0.073158525,0.16632308,0.1875606,0.14420003,-0.18041818,0.020908823,-0.119113155,-0.10684894,0.055454206,-0.14382292,0.05515189,-0.09021408,0.12145522,-0.19523905,-0.14461106,0.16380042,0.042787462,0.18942274,0.015897708,-0.0007525757,-0.14699891,0.11503874,0.05188962,-0.12980697,-0.077913746
-0.14981206,-0.1423819,0.07636133,0.09134887,-0.18582883,0.23038653,-0.012177701,-0.07811291,-0.10164631,0.28894925,0.092816845,0.39201632,-0.12374474,-0.08255001,0.112928085,-0.1282959,-0.07680157,0.09975597,-0.06596158,0.12111515,-0.11863139,-0.12326564,-0.10488113,0.04648695,-0.14681043,-0.021948582,-0.24522075,0.17605463,-0.07324892,0.18000759,0.11263726,-0.084975526,0.09482473,0.08240341,0.04685971,0.030718239,0.039845455,0.00950707,0.0033385516,0.0065424535,0.059251584,0.012331959,-0.004107169,0.081201494,0.029849283,0.01118993,-0.059005663,-0.053447537,-0.0039717807,0.3700065,-0.004324441,0.030885717,-0.14596537,0.17714031,-0.08325766,-0.15558562,-0.06051474,-0.06362892,-0.041359056,0.13685307,-0.101931565,0.09996797,0.09551576,-0.11702106,0.08956528,0.032271508,0.03901681,0.051346276,0.15267675,0.10687881,0.10516562,0.017307037,-0.035111345,-0.04688499,-0.14139977,0.18175371,-0.024476564,0.12938641,0.06960804,0.024660628
0.17715004,0.1430589,-0.017512808,-0.005830136,0.27188185,-0.24057315,-0.028059786,0.13319738,0.042081185,-0.23078157,-0.060285743,-0.39478582,-0.02003909,0.15694001,-0.1282959,0.1934201,0.16915807,-0.20744407,0.15907148,-0.19900881,0.20308882,0.12964214,0.21094397,-0.15534127,0.2700809,0.06870707,0.26595345,-0.43558574,0.07284448,-0.25724205,0.019792307,0.075373925,-0.22866596,-0.040004045,-0.08446654,-0.065331504,-0.08114416,0.058651987,-0.048737884,0.0426854,-0.11263243,-0.08462552,-0.08110134,-0.13238165,-0.168485,-0.13327137,0.12780571,0.10575047,0.078274205,-0.4332935,0.056909557,0.0033814025,0.06632277,-0.1988286,0.049632583,0.03570861,0.16089106,0.17873928,0.13300003,-0.2161402,0.07534798,-0.14831698,-0.13645914,0.11023812,-0.16088663,0.022764945,-0.09088713,0.061658118,-0.23657295,-0.17159931,0.0621653,0.02217838,0.1634793,0.03939737,0.08206456,-0.21715757,0.10112556,-0.036450073,-0.13864575,-0.073214255
0.11382999,0.064701505,0.067045614,0.10618599,0.23079516,-0.12031457,-0.06370752,0.12951213,-0.056993518,-0.028992083,0.014479932,-0.17969698,-0.19184877,0.16466571,-0.07680157,0.16915807,0.1929731,-0.22956152,0.18943033,-0.18789598,0.19806641,0.065964565,0.22905585,-0.20779407,0.27733552,0.090141766,0.14505614,-0.52452844,0.031992514,-0.21304409,0.17729495,0.02142164,-0.272301,0.03608401,-0.0855327,-0.07318558,-0.0887465,0.11287816,-0.07950151,0.081670806,-0.118167795,-0.12972838,-0.1445847,-0.124181435,-0.25154418,-0.21477143,0.14455356,0.11372551,0.12944955,-0.27386492,0.09228912,0.045099888,-0.07171606,-0.116317146,-0.02062556,-0.13655956,0.19948588,0.22619374,0.1759273,-0.19731352,-0.00019257635,-0.12769113,-0.11297891,0.040565453,-0.16252331,0.08017034,-0.10654238,0.17126705,-0.21229485,-0.15890697,0.24060173,0.060126234,0.23624882,0.00805621,-0.03885838,-0.14194395,0.14263207,0.101957664,-0.14969327,-0.09443669
-0.14606187,-0.0888537,-0.069257595,-0.1127046,-0.28413063,0.16172338,0.07196218,-0.15677537,0.055130746,0.06275681,-0.007180256,0.2464265,0.20783423,-0.1976207,0.09975597,-0.20744407,-0.22956152,0.2739424,-0.22438611,0.22824314,-0.23967637,-0.0883571,-0.27388364,0.24350253,-0.33363187,-0.10581383,-0.19166423,0.6206486,-0.044224918,0.2631406,-0.19224302,-0.033273388,0.3225497,-0.033065517,0.1030562,0.087223954,0.10603428,-0.12873378,0.09169132,-0.093177095,0.14181824,0.15032086,0.1657164,0.15096486,0.29207817,0.24792314,-0.1721117,-0.1361224,-0.1491486,0.3523873,-0.106485374,-0.048674777,0.067531615,0.15170443,0.015215954,0.1410597,-0.2353854,-0.26639137,-0.2063635,0.24066801,-0.0101653915,0.15690996,0.13955122,-0.05853596,0.19587383,-0.08883124,0.12639818,-0.19156213,0.25949472,0.19348268,-0.26574698,-0.06732443,-0.27503926,-0.014034489,0.030241765,0.18162099,-0.16638535,-0.10397007,0.17909786,0.11102527
0.09977447,0.05015996,0.077612855,0.1195342,0.21579841,-0.09721012,-0.066835225,0.1240925,-0.07018226,0.0033023118,0.02550098,-0.13970245,-0.21123694,0.15969455,-0.06596158,0.15907148,0.18943033,-0.22438611,0.18703228,-0.17914139,0.1898729,0.053646106,0.2232799,-0.20812543,0.26807252,0.09008144,0.12092643,-0.518643,0.024476366,-0.19823086,0.19501539,0.01227523,-0.2688531,0.0465006,-0.082494766,-0.0716598,-0.08659911,0.11703798,-0.08128242,0.084642075,-0.11459902,-0.13184622,-0.14898896,-0.11826313,-0.25497085,-0.21933398,0.14173087,0.110700406,0.13251701,-0.23895264,0.09430509,0.049863275,-0.09037969,-0.09920035,-0.030719347,-0.15808898,0.19798507,0.22506307,0.1759787,-0.18701324,-0.011868466,-0.119719654,-0.10511689,0.028270878,-0.15669066,0.086046636,-0.10497407,0.18180597,-0.20059048,-0.15099359,0.25918922,0.063743785,0.23865685,0.0029073157,-0.05610524,-0.12499622,0.14371051,0.11954593,-0.14579651,-0.09418271
-0.16962858,-0.12861244,-0.0073117116,-0.028227327,-0.2775901,0.21981943,0.040916603,-0.14105116,-0.0144498395,0.18429215,0.04135901,0.35527194,0.07423168,-0.16990523,0.12111515,-0.19900881,-0.18789598,0.22824314,-0.17914139,0.20901868,-0.2152471,-0.118805245,-0.23074727,0.18195455,-0.29053515,-0.07993521,-0.24671575,0.4923304,-0.06519537,0.26100564,-0.069568075,-0.063866444,0.25751472,0.01930215,0.09049362,0.07215513,0.088957295,-0.079286784,0.061487786,-0.057555556,0.12193445,0.10420692,0.10609793,0.13879178,0.20539819,0.16732909,-0.14157994,-0.11533848,-0.09929468,0.4134963,-0.07163047,-0.01644018,-0.028343558,0.18686748,-0.031373356,0.0148635395,-0.18361673,-0.20539403,-0.15517628,0.22493355,-0.05719922,0.15198079,0.13844499,-0.09624817,0.17224544,-0.04195613,0.101834334,-0.09952885,0.24506836,0.17927401,-0.12123833,-0.03534577,-0.19689012,-0.03241656,-0.050411522,0.20867762,-0.120714195,-0.0036581883,0.15139824,0.08468123
0.16734006,0.122773305,0.019016989,0.044419337,0.2823015,-0.21168756,-0.04725067,0.14577001,0.0015864432,-0.16382079,-0.032778244,-0.33932632,-0.10021118,0.17723444,-0.11863139,0.20308882,0.19806641,-0.23967637,0.1898729,-0.2152471,0.2225295,0.11458851,0.24173144,-0.1957779,0.30226254,0.08579047,0.23949236,-0.52256846,0.06208241,-0.26468286,0.09344034,0.058932774,-0.27294046,-0.009726715,-0.093984984,-0.07588612,-0.09327572,0.089552455,-0.067922264,0.06495642,-0.12719312,-0.11416059,-0.11860714,-0.14281651,-0.22422756,-0.18453951,0.14908153,0.1206831,0.10988784,-0.4072312,0.07906432,0.022689858,0.010724947,-0.18262133,0.023032792,-0.03870913,0.19562754,0.21940842,0.166721,-0.23070748,0.04909957,-0.15481304,-0.14039057,0.09038638,-0.1788378,0.051270936,-0.10771805,0.11803265,-0.25084984,-0.18418862,0.14985265,0.04178483,0.21401334,0.029377325,0.03592374,-0.20622508,0.13079211,0.022510368,-0.15849213,-0.09068333
0.16200969,0.15949488,-0.09845621,-0.121078745,0.18958408,-0.2560936,0.022431752,0.07556574,0.12696277,-0.3366672,-0.11116547,-0.43893552,0.17011239,0.07632925,-0.12326564,0.12964214,0.065964565,-0.0883571,0.053646106,-0.118805245,0.11458851,0.13681784,0.094458126,-0.028375983,0.13771659,0.014409036,0.27042553,-0.14078085,0.08221696,-0.1849809,-0.15518145,0.09737151,-0.07712278,-0.101642385,-0.044336513,-0.026891287,-0.035666555,-0.025528437,0.006160552,-0.018074604,-0.05478954,0.0019438497,0.023193236,-0.07988047,-0.0032245817,0.014085506,0.051150117,0.048517022,-0.011755749,-0.4010556,-0.0066227173,-0.042105272,0.18103442,-0.19388337,0.100686096,0.200598,0.0459538,0.046231285,0.02638152,-0.13614705,0.1200877,-0.10153958,-0.09816316,0.13268697,-0.084864385,-0.04818988,-0.032431267,-0.0822227,-0.15288353,-0.10571677,-0.15441774,-0.028018849,0.01136445,0.054202177,0.1714853,-0.19606401,0.010722888,-0.16534565,-0.06298596,-0.017058248
0.15252227,0.09622681,0.062417902,0.10378567,0.28960326,-0.17321071,-0.06936796,0.15815419,-0.04694091,-0.08062125,0.0007670692,-0.26668257,-0.19439094,0.19828956,-0.10488113,0.21094397,0.22905585,-0.27388364,0.2232799,-0.23074727,0.24173144,0.094458126,0.27417064,-0.24061608,0.33526134,0.104676954,0.20340927,-0.6171592,0.048054725,-0.26874018,0.17993079,0.038161345,-0.32095996,0.026713109,-0.10366105,-0.08713508,-0.10609437,0.12491786,-0.089652665,0.0904379,-0.14229898,-0.14743944,-0.16135052,-0.1526946,-0.28687504,-0.24255614,0.17182828,0.13635379,0.14573441,-0.3685495,0.10414782,0.045398388,-0.056058116,-0.15986164,-0.009246684,-0.12712514,0.23364176,0.26409173,0.20404914,-0.24392284,0.016762864,-0.1597538,-0.14252436,0.06495343,-0.19705713,0.08447067,-0.1259,0.18338458,-0.263348,-0.1958882,0.2521226,0.064500056,0.2706102,0.01683812,-0.019995328,-0.1893498,0.1639234,0.09271113,-0.17935434,-0.10994198
-0.07662158,-0.01838976,-0.11750224,-0.17308773,-0.20720182,0.049311526,0.08510304,-0.12777743,0.11603652,-0.09075457,-0.058936078,0.052579857,0.29456386,-0.16983156,0.04648695,-0.15534127,-0.20779407,0.24350253,-0.20812543,0.18195455,-0.1957779,-0.028375983,-0.24061608,0.23967576,-0.28261662,-0.103188455,-0.07376049,0.579193,-0.007841575,0.18754067,-0.2714617,0.010546994,0.29917175,-0.0814013,0.08646581,0.07810692,0.09357289,-0.14548032,0.09805161,-0.10511165,0.1218697,0.15697102,0.18279612,0.11974649,0.30175722,0.26392955,-0.15500736,-0.11886083,-0.16029784,0.18013611,-0.11362557,-0.07003576,0.15395252,0.06771916,0.06242611,0.23935312,-0.2231078,-0.25517127,-0.20203976,0.18682362,0.04505885,0.115888566,0.09942947,0.0006728276,0.1640652,-0.11454606,0.11621401,-0.23696727,0.19861974,0.15192577,-0.34742358,-0.08287531,-0.28029692,0.010529914,0.11081406,0.09777019,-0.16778399,-0.18451928,0.15677953,0.10737237
0.20982352,0.14457995,0.050773375,0.09350413,0.37326264,-0.25364408,-0.07495577,0.19788386,-0.02691149,-0.16438137,-0.02279736,-0.40003046,-0.18720439,0.24417946,-0.14681043,0.2700809,0.27733552,-0.33363187,0.26807252,-0.29053515,0.30226254,0.13771659,0.33526134,-0.28261662,0.41469544,0.123388484,0.29140815,-0.7393712,0.07274855,-0.34830138,0.1737638,0.06460479,-0.38535002,0.009054392,-0.12859555,-0.10588406,-0.12954572,0.1381471,-0.10173758,0.10010238,-0.17523387,-0.16905786,-0.18052146,-0.19252749,-0.3304308,-0.27580196,0.20840064,0.16706418,0.16500804,-0.5090511,0.11830037,0.04321372,-0.025873458,-0.22504899,0.010818419,-0.10339314,0.2783443,0.31340364,0.24016048,-0.30937353,0.044847358,-0.20525514,-0.18473181,0.10292298,-0.2445809,0.08682867,-0.15162185,0.19327445,-0.3352665,-0.24767902,0.25690624,0.06817035,0.3134693,0.030899767,0.013544304,-0.25940818,0.19070318,0.07134551,-0.21957245,-0.13000458
0.035500366,0.01050155,0.04874288,0.07219459,0.09191854,-0.025341036,-0.036105745,0.056005236,-0.047646426,0.033366207,0.023433307,-0.029745208,-0.123452455,0.07404171,-0.021948582,0.06870707,0.090141766,-0.10581383,0.09008144,-0.07993521,0.08579047,0.014409036,0.104676954,-0.103188455,0.123388484,0.044462103,0.03605501,-0.25054815,0.0047113295,-0.08341637,0.11379638,-0.0029208728,-0.1294885,0.03321808,-0.037786562,-0.03391747,-0.04069016,0.0619319,-0.041922625,0.044752777,-0.05313198,-0.06724409,-0.07796339,-0.052634142,-0.12938273,-0.11288588,0.06727462,0.051739376,0.06850876,-0.08379217,0.048589863,0.02932491,-0.063008614,-0.032208454,-0.025101233,-0.099288985,0.09637635,0.110122964,0.08702534,-0.0823069,-0.017339125,-0.05133646,-0.044226814,0.0018911872,-0.07171051,0.04830158,-0.050340746,0.100210905,-0.0876375,-0.066850215,0.14636534,0.035059184,0.12031879,-0.0036226637,-0.044676803,-0.045123808,0.072086476,0.07636688,-0.06822857,-0.046298802
0.32347047,0.314137,-0.18417558,-0.22433293,0.38741162,-0.505891,0.037551776,0.1578335,0.24018368,-0.6532955,-0.21352418,-0.86466503,0.31129748,0.16250989,-0.24522075,0.26595345,0.14505614,-0.19166423,0.12092643,-0.24671575,0.23949236,0.27042553,0.20340927,-0.07376049,0.29140815,0.03605501,0.5358422,-0.3198376,0.16180858,-0.3768991,-0.2837665,0.19013433,-0.17384386,-0.1931524,-0.09347432,-0.058634788,-0.07701105,-0.03905947,0.0046673673,-0.027495397,-0.116647705,-0.008055228,0.031659454,-0.16568695,-0.029135471,0.0076668756,0.11201649,0.10412073,-0.010932999,-0.80003107,-0.004396237,-0.07726782,0.3433441,-0.3852972,0.19271176,0.37524933,0.10697557,0.10994364,0.0670044,-0.28108868,0.2320685,-0.20786573,-0.20000076,0.2601294,-0.17881013,-0.085833944,-0.072378755,-0.14331256,-0.3147983,-0.21878098,-0.27652636,-0.04867569,0.043474223,0.105486706,0.32788086,-0.39184496,0.033710342,-0.3102698,-0.13535886,-0.041566033
-0.26790935,-0.12955767,-0.22315514,-0.34168062,-0.5900202,0.25456676,0.18806909,-0.34148312,0.20428339,-0.031345606,-0.07850115,0.36118308,0.60092473,-0.44082907,0.17605463,-0.43558574,-0.52452844,0.6206486,-0.518643,0.4923304,-0.52256846,-0.14078085,-0.6171592,0.579193,-0.7393712,-0.25054815,-0.3198376,1.4387286,-0.06293132,0.5412765,-0.5546551,-0.02787144,0.7455327,-0.13650337,0.22740033,0.1982971,0.2394289,-0.32843187,0.22733435,-0.23749703,0.31634405,0.36822444,0.41748118,0.32492477,0.711632,0.6132763,-0.3923317,-0.30587187,-0.37074205,0.64076555,-0.26372224,-0.14197867,0.2642255,0.26421174,0.0923814,0.4545464,-0.54972726,-0.6253071,-0.4895748,0.5131678,0.041027404,0.32756773,0.28702068,-0.070208155,0.43188164,-0.24339756,0.29094192,-0.51298124,0.54997367,0.41460577,-0.7337695,-0.1798054,-0.6655506,-0.0045546256,0.16790834,0.336087,-0.40051547,-0.3446226,0.40290454,0.26182422
0.09566051,0.0964228,-0.06459803,-0.080567054,0.107311666,-0.15404226,0.017015671,0.040992785,0.08190344,-0.20863703,-0.07003194,-0.2652813,0.11521869,0.039801113,-0.07324892,0.07284448,0.031992514,-0.044224918,0.024476366,-0.06519537,0.06208241,0.08221696,0.048054725,-0.007841575,0.07274855,0.0047113295,0.16180858,-0.06293132,0.04976888,-0.105282456,-0.10521423,0.05972384,-0.035189074,-0.06511651,-0.023598747,-0.013302276,-0.018037949,-0.02128041,0.007615101,-0.01515,-0.028570876,0.007367871,0.021328114,-0.04393724,0.009923678,0.01897691,0.025048668,0.024868863,-0.0134752905,-0.23718382,-0.008510142,-0.028405106,0.11633183,-0.11542527,0.063786514,0.13161224,0.019200804,0.018106673,0.008109434,-0.07556633,0.07491971,-0.05728164,-0.055873495,0.08084525,-0.04522697,-0.033864684,-0.015175409,-0.059416644,-0.0852957,-0.058406252,-0.10774159,-0.020330971,-0.0041203084,0.03342901,0.10881607,-0.11556962,-7.862633e-05,-0.10798008,-0.032187983,-0.0061601223
-0.24649133,-0.20626783,0.045110635,0.037235394,-0.3634433,0.3438184,0.02694232,-0.17369798,-0.08081494,0.35272044,0.0979815,0.5689137,-0.019530335,-0.20146288,0.18000759,-0.25724205,-0.21304409,0.2631406,-0.19823086,0.26100564,-0.26468286,-0.1849809,-0.26874018,0.18754067,-0.34830138,-0.08341637,-0.3768991,0.5412765,-0.105282456,0.3452836,0.016060146,-0.112032995,0.28495932,0.07203183,0.10924824,0.08263694,0.10320845,-0.061690502,0.055050228,-0.04502365,0.14458796,0.09778823,0.088348955,0.17383628,0.19647637,0.15122665,-0.16129328,-0.13501757,-0.08794355,0.60410243,-0.064423874,0.006667256,-0.122572206,0.27968684,-0.08297304,-0.091941774,-0.19840851,-0.21920583,-0.1610935,0.28526405,-0.1177185,0.19779196,0.18317167,-0.16140725,0.2081937,-0.014312291,0.113709114,-0.05091668,0.3132041,0.22588123,-0.033340633,-0.018706353,-0.19271122,-0.059390817,-0.1384508,0.3015213,-0.12013715,0.08393297,0.17686006,0.08931723
-0.12787926,-0.19998075,0.29080352,0.39475048,0.0030147354,0.29540458,-0.14201647,0.05989355,-0.32891133,0.59041417,0.23257661,0.54779464,-0.62134624,0.11344162,0.11263726,0.019792307,0.17729495,-0.19224302,0.19501539,-0.069568075,0.09344034,-0.15518145,0.17993079,-0.2714617,0.1737638,0.11379638,-0.2837665,-0.5546551,-0.10521423,0.016060146,0.5703843,-0.150368,-0.28031436,0.24838783,-0.050071195,-0.063700624,-0.07147091,0.22478071,-0.13599591,0.1618879,-0.08138187,-0.2066017,-0.26996866,-0.043406893,-0.38739505,-0.3625609,0.1295292,0.086278,0.22469443,0.3289573,0.156872,0.15006067,-0.4540509,0.18417925,-0.22240071,-0.5924281,0.22527125,0.26652572,0.22537963,-0.051551223,-0.22707605,-0.007995744,0.0086421585,-0.18711187,-0.09397249,0.21641076,-0.1054181,0.42317903,-0.04338083,-0.048937656,0.66797143,0.14696507,0.3480975,-0.0897538,-0.38461977,0.14820981,0.20286664,0.47173023,-0.11521821,-0.115512036
0.109643295,0.11544203,-0.08820581,-0.11223204,0.11284924,-0.18275851,0.027766595,0.039038137,0.10907824,-0.2607168,-0.08989639,-0.31744137,0.16443913,0.034072522,-0.084975526,0.075373925,0.02142164,-0.033273388,0.01227523,-0.063866444,0.058932774,0.09737151,0.038161345,0.010546994,0.06460479,-0.0029208728,0.19013433,-0.02787144,0.05972384,-0.112032995,-0.150368,0.07334039,-0.017651577,-0.08581324,-0.021393213,-0.0096010445,-0.0140519375,-0.0379941,0.017445492,-0.02717783,-0.024462204,0.022077013,0.041175254,-0.043282557,0.03729612,0.04511349,0.01741545,0.020222718,-0.029765053,-0.27267697,-0.019834882,-0.040323272,0.15402067,-0.13436724,0.08261148,0.17970692,0.00462086,0.0006097858,-0.0070719533,-0.07604108,0.09466479,-0.05979504,-0.059464257,0.09813868,-0.041137867,-0.05067234,-0.008684047,-0.09191872,-0.08685754,-0.058143176,-0.15979211,-0.031602297,-0.028459214,0.04143779,0.14129184,-0.13202715,-0.014138644,-0.14644662,-0.025928624,0.0015133707
-0.14343168,-0.07211315,-0.11155794,-0.17181624,-0.3102121,0.13975187,0.09607077,-0.1783818,0.10087491,-0.004724253,-0.036648896,0.20084478,0.303631,-0.22955802,0.09482473,-0.22866596,-0.272301,0.3225497,-0.2688531,0.25751472,-0.27294046,-0.07712278,-0.32095996,0.29917175,-0.38535002,-0.1294885,-0.17384386,0.7455327,-0.035189074,0.28495932,-0.28031436,-0.017651577,0.386468,-0.06683543,0.11858506,0.10300917,0.12448426,-0.16823448,0.11683898,-0.121667504,0.164734,0.18952216,0.21416257,0.17000267,0.36650798,0.3152806,-0.20373443,-0.15912952,-0.19048573,0.34350938,-0.13555837,-0.07167311,0.12990406,0.14260855,0.04415074,0.22723146,-0.28459665,-0.32351995,-0.2529623,0.26883128,0.017052244,0.17209782,0.15110683,-0.040646892,0.22524063,-0.12368446,0.15089712,-0.26133138,0.288349,0.21705279,-0.37256107,-0.09162659,-0.34305796,-0.004182768,0.080636926,0.17968896,-0.20657733,-0.17183013,0.20957938,0.13538405
-0.10149934,-0.124928325,0.13360141,0.1768303,-0.06725158,0.19191939,-0.056008812,-0.006996833,-0.15672815,0.32050085,0.11852618,0.3429433,-0.27096432,0.010800924,0.08240341,-0.040004045,0.03608401,-0.033065517,0.0465006,0.01930215,-0.009726715,-0.101642385,0.026713109,-0.0814013,0.009054392,0.03321808,-0.1931524,-0.13650337,-0.06511651,0.07203183,0.24838783,-0.08581324,-0.06683543,0.120433286,-0.00093369815,-0.0118157,-0.011278236,0.08505721,-0.048117608,0.061146505,-0.0077370596,-0.07042893,-0.09946743,0.014114881,-0.12958631,-0.12743801,0.025297534,0.011648252,0.08006855,0.25544426,0.055329803,0.065808184,-0.21843444,0.13197851,-0.111318156,-0.27218217,0.05948208,0.0733057,0.06656662,0.031627685,-0.119882606,0.03386572,0.038265236,-0.11093151,-0.0011565195,0.09039269,-0.023900583,0.17243305,0.04041202,0.021551857,0.2810489,0.059690896,0.11339205,-0.049810443,-0.1915625,0.12062393,0.06460705,0.21875177,-0.016205441,-0.03284314
-0.06671892,-0.046830095,-0.013679557,-0.02627097,-0.116922624,0.08173175,0.022396047,-0.061539464,0.0059114913,0.056025453,0.008924529,0.12952937,0.05389176,-0.07563391,0.04685971,-0.08446654,-0.0855327,0.1030562,-0.082494766,0.09049362,-0.093984984,-0.044336513,-0.10366105,0.08646581,-0.12859555,-0.037786562,-0.09347432,0.22740033,-0.023598747,0.10924824,-0.050071195,-0.021393213,0.11858506,-0.00093369815,0.039906222,0.032686133,0.040039957,-0.04156019,0.030833097,-0.0301224,0.05427843,0.051384028,0.05449015,0.059987593,0.100558065,0.08363275,-0.0643009,-0.05168129,-0.049976572,0.16200958,-0.035862383,-0.012389414,0.004627472,0.07192053,-0.0050934795,0.027854692,-0.08548117,-0.096149415,-0.07351709,0.09653386,-0.0157908,0.064246565,0.057943948,-0.03368009,0.075908855,-0.025545912,0.04669646,-0.057311874,0.104708895,0.07722457,-0.075372584,-0.020232212,-0.095544994,-0.010368785,-0.007190412,0.082409896,-0.058194276,-0.018738717,0.06791076,0.039846286
-0.045189194,-0.026791262,-0.023436652,-0.0376903,-0.08934505,0.04915514,0.02343621,-0.049631063,0.019213205,0.016354239,-0.0035872278,0.07434183,0.06889374,-0.0627786,0.030718239,-0.065331504,-0.07318558,0.087223954,-0.0716598,0.07215513,-0.07588612,-0.026891287,-0.08713508,0.07810692,-0.10588406,-0.03391747,-0.058634788,0.1982971,-0.013302276,0.08263694,-0.063700624,-0.0096010445,0.10300917,-0.0118157,0.032686133,0.027786564,0.033744767,-0.041757863,0.029604431,-0.030219588,0.045051556,0.04844068,0.0536432,0.04771003,0.0940415,0.080017604,-0.054850817,-0.04328884,-0.04817558,0.10890612,-0.034374896,-0.01616088,0.02382744,0.04664125,0.0060553867,0.04773514,-0.075290866,-0.08527472,-0.066167295,0.07595837,-0.0018975207,0.049376633,0.043824088,-0.01733325,0.062118083,-0.029165044,0.040341076,-0.06264487,0.081830576,0.061108828,-0.08736751,-0.022006443,-0.08845994,-0.003899108,0.011706889,0.05625238,-0.053469837,-0.03538441,0.056965366,0.035565708
-0.05809128,-0.036163595,-0.02517213,-0.041493103,-0.11130367,0.065358624,0.027236354,-0.06102112,0.019379854,0.028574746,-0.0012429925,0.10024984,0.07723556,-0.076663025,0.039845455,-0.08114416,-0.0887465,0.10603428,-0.08659911,0.088957295,-0.09327572,-0.035666555,-0.10609437,0.09357289,-0.12954572,-0.04069016,-0.07701105,0.2394289,-0.018037949,0.10320845,-0.07147091,-0.0140519375,0.12448426,-0.011278236,0.040039957,0.033744767,0.0410623,-0.048921004,0.035007,-0.03541432,0.055015747,0.05750169,0.06310592,0.058855843,0.111822374,0.094689846,-0.06655983,-0.052751034,-0.05692023,0.1402884,-0.040662445,-0.018057905,0.023393692,0.06068219,0.004460129,0.051268145,-0.09070442,-0.10257421,-0.07933274,0.09394707,-0.0055159945,0.061424248,0.054735325,-0.024198042,0.076110035,-0.033343468,0.048811793,-0.072198,0.10137864,0.07547723,-0.099611305,-0.025385847,-0.10541175,-0.0061047794,0.009252085,0.07216082,-0.06382107,-0.037551127,0.06939367,0.04272045
-0.0024841654,-0.039233107,0.10731856,0.1504134,0.072895676,0.050235845,-0.062070012,0.058198612,-0.11550514,0.1663776,0.07361971,0.10670001,-0.24446262,0.08507533,0.00950707,0.058651987,0.11287816,-0.12873378,0.11703798,-0.079286784,0.089552455,-0.025528437,0.12491786,-0.14548032,0.1381471,0.0619319,-0.03905947,-0.32843187,-0.02128041,-0.061690502,0.22478071,-0.0379941,-0.16823448,0.08505721,-0.04156019,-0.041757863,-0.048921004,0.102000184,-0.065208375,0.073578075,-0.061044127,-0.10185557,-0.12531762,-0.051637158,-0.19357459,-0.17472415,0.08358094,0.061113015,0.107144244,0.012302623,0.0754003,0.05865516,-0.15727915,0.018435946,-0.07251349,-0.21862225,0.12916449,0.1497538,0.12184724,-0.076871604,-0.06752825,-0.0422108,-0.032677703,-0.042939138,-0.07862237,0.08930965,-0.06455898,0.179163,-0.07911769,-0.06411358,0.27352497,0.0624231,0.177127,-0.024154132,-0.12639955,-0.00024583997,0.10477131,0.1719663,-0.08093231,-0.063781515
-0.0109831365,0.013422658,-0.06303139,-0.08965975,-0.06279067,-0.013146655,0.039143912,-0.044226944,0.06620414,-0.08338366,-0.039840873,-0.03610239,0.14779918,-0.06199259,0.0033385516,-0.048737884,-0.07950151,0.09169132,-0.08128242,0.061487786,-0.067922264,0.006160552,-0.089652665,0.09805161,-0.10173758,-0.041922625,0.0046673673,0.22733435,0.007615101,0.055050228,-0.13599591,0.017445492,0.11683898,-0.048117608,0.030833097,0.029604431,0.035007,-0.065208375,0.042478878,-0.04706473,0.044483192,0.06695022,0.08075161,0.040240403,0.12777656,0.11400968,-0.059046775,-0.04403998,-0.06967006,0.023135206,-0.04915724,-0.035361774,0.08951263,0.0029570197,0.039928395,0.12840107,-0.08867209,-0.10225777,-0.08232696,0.06124752,0.03513288,0.035717525,0.029174194,0.017952356,0.05840627,-0.055082746,0.045057163,-0.11162643,0.06403091,0.050472282,-0.16816774,-0.038941316,-0.11757508,0.011690488,0.069913216,0.015434293,-0.069857754,-0.10041048,0.05822383,0.043347497
-0.0013707652,-0.027910266,0.07722764,0.1082833,0.053125862,0.035602197,-0.04475635,0.04221693,-0.083064,0.1192469,0.052863713,0.07589246,-0.17605941,0.06162407,0.0065424535,0.0426854,0.081670806,-0.093177095,0.084642075,-0.057555556,0.06495642,-0.018074604,0.0904379,-0.10511165,0.10010238,0.044752777,-0.027495397,-0.23749703,-0.01515,-0.04502365,0.1618879,-0.02717783,-0.121667504,0.061146505,-0.0301224,-0.030219588,-0.03541432,0.073578075,-0.04706473,0.053076603,-0.044217188,-0.073535204,-0.090419486,-0.037490785,-0.13977034,-0.12611504,0.060479395,0.044250555,0.077328056,0.007835882,0.054422148,0.042239465,-0.11308394,0.012804854,-0.052092366,-0.15732294,0.093377404,0.108243726,0.088043235,-0.05585704,-0.04844236,-0.03074143,-0.02384967,-0.030656004,-0.056987267,0.0643563,-0.04669658,0.12914209,-0.057522405,-0.04656626,0.19708353,0.044996694,0.12791634,-0.017297959,-0.09081362,-0.00068919023,0.07567345,0.123729095,-0.05859796,-0.046095125
-0.08521252,-0.0569274,-0.025764555,-0.045196686,-0.15527336,0.10075704,0.033441965,-0.083249755,0.016450683,0.058919042,0.005761642,0.15759765,0.08778616,-0.103358485,0.059251584,-0.11263243,-0.118167795,0.14181824,-0.11459902,0.12193445,-0.12719312,-0.05478954,-0.14229898,0.1218697,-0.17523387,-0.05313198,-0.116647705,0.31634405,-0.028570876,0.14458796,-0.08138187,-0.024462204,0.164734,-0.0077370596,0.05427843,0.045051556,0.055015747,-0.061044127,0.044483192,-0.044217188,0.07417411,0.07360801,0.0793885,0.08075863,0.1436075,0.12049243,-0.08873673,-0.07085495,-0.07221315,0.2064342,-0.05170481,-0.02037033,0.018019976,0.09064396,-0.00094278675,0.05246998,-0.119354434,-0.13459387,-0.10347703,0.12948051,-0.015019317,0.08548533,0.07668446,-0.039809693,0.10321412,-0.039568994,0.064739145,-0.08714178,0.14011772,0.10378241,-0.117517926,-0.030699303,-0.13592552,-0.011414835,0.00051749265,0.105507724,-0.08254972,-0.037212692,0.09315382,0.055910785
-0.026657337,0.012154104,-0.09423988,-0.13513651,-0.11031493,-0.006197891,0.060736787,-0.07438901,0.09763804,-0.112875804,-0.05677146,-0.032122027,0.22444937,-0.10257995,0.012331959,-0.08462552,-0.12972838,0.15032086,-0.13184622,0.10420692,-0.11416059,0.0019438497,-0.14743944,0.15697102,-0.16905786,-0.06724409,-0.008055228,0.36822444,0.007367871,0.09778823,-0.2066017,0.022077013,0.18952216,-0.07042893,0.051384028,0.04844068,0.05750169,-0.10185557,0.06695022,-0.073535204,0.07360801,0.10596272,0.1266152,0.06831937,0.20262933,0.17982855,-0.096474156,-0.072547436,-0.109711386,0.059567966,-0.07750479,-0.05362049,0.13147803,0.015762031,0.05750884,0.19197392,-0.14311467,-0.16465525,-0.13194345,0.104817025,0.048802514,0.06239091,0.05183096,0.020862414,0.09738553,-0.08451814,0.073240004,-0.17215978,0.11018313,0.08600653,-0.25761732,-0.060096595,-0.18693148,0.0154253375,0.10097091,0.035655215,-0.111293025,-0.14964056,0.09584651,0.06965297
