0.15519139,0.15718661,-0.078511685,-0.046736542,0.14489633,-0.4283594,0.030126879,0.30847323,0.19003195,-0.3781389,-0.17979096,-0.2774361,0.13439387,0.13038541,-0.2001458,0.16123314,0.115422025,-0.10298759,0.087568134,-0.13791212,0.17845662,0.14232887,0.07853699,-0.038468424,0.057739623,0.04685272,0.10574116,-0.11935795,0.09191648,-0.0654926,-0.025162589,0.08094632,-0.067991376,-0.12550737,-0.059274696,-0.034710757,-0.048010778,0.117937505,0.0060898545,0.01503721,-0.062126238,0.012554025,0.029398717,-0.3204273,-0.0052925795,0.011290249,0.07039887,0.15928598,0.06143031,-0.24475238,0.042975966,-0.14951564,0.25837123,-0.13400882,0.07940942,0.16537064,0.12950872,0.11859856,0.13651891,-0.12834273,0.034564506,-0.16064009,-0.14616439,0.114134125,-0.052050333,-0.02349829,-0.043218084,-0.004332252,-0.1271169,-0.16406168,-0.050399195,-0.010958322,-0.09424546,-0.012132394,0.08361079,-0.12920424,0.06875102,-0.11065391,-0.09126143,-0.022984525
0.15718661,0.16472681,-0.0967346,-0.06428303,0.12530185,-0.43271938,0.046738774,0.28496847,0.22944528,-0.40316397,-0.20507556,-0.3095301,0.17219761,0.12418226,-0.19676496,0.14724724,0.10738051,-0.07502696,0.06681335,-0.11751412,0.17157227,0.14686936,0.064426884,-0.005626242,0.050960008,0.036383573,0.04662317,-0.06112421,0.100403704,-0.05956428,-0.043539323,0.085731804,-0.039414212,-0.12488286,-0.048904628,-0.02548472,-0.03663522,0.06534691,0.020073846,-0.0031370912,-0.04528719,0.03573959,0.062465236,-0.28302225,0.036553547,0.052003894,0.052335743,0.1329319,0.031893328,-0.29077348,0.021715656,-0.20110503,0.29252046,-0.15677719,0.10923602,0.19099554,0.1008105,0.11681188,0.100410745,-0.11320436,0.0065590297,-0.14903076,-0.13722347,0.12009329,-0.045690674,-0.04647188,-0.026302682,-0.024415849,-0.114865586,-0.1420873,-0.07903896,-0.03651605,-0.1239568,-0.044932492,0.13018885,-0.16021559,0.047069814,-0.13411188,-0.07316533,-0.0073189517
-0.078511685,-0.0967346,0.09340439,0.07649372,-0.0063827527,0.21313003,-0.06584204,-0.07038253,-0.2114393,0.25418687,0.16260463,0.2293253,-0.18050289,-0.041388,0.08268497,-0.031484384,-0.028684556,-0.03923074,0.023939783,0.00062345626,-0.06165538,-0.08045835,0.0074232724,-0.084508605,-0.005751353,0.010826658,0.13512094,-0.1260204,-0.06928496,0.012017734,0.06903379,-0.052630126,-0.05745499,0.05651434,-0.004731435,-0.012605477,-0.013114126,0.10908232,-0.046449635,0.049677156,-0.02357847,-0.07815831,-0.11682115,0.032598894,-0.12804338,-0.13223581,0.02354265,0.0079961475,0.06350463,0.2575365,0.046287693,0.23054098,-0.22685458,0.1334315,-0.13001187,-0.15694895,0.029177401,-0.04967164,0.04902202,0.012569562,0.07124247,0.038620137,0.04019951,-0.071749635,0.00441099,0.08259511,-0.032624114,0.06465422,0.021002652,0.007887688,0.11279725,0.0848133,0.13656309,0.107947506,-0.184213,0.15690146,0.03559422,0.12470339,-0.013927598,-0.03815109
-0.046736542,-0.06428303,0.07649372,0.06610195,0.022242941,0.12547997,-0.05888607,-0.008556671,-0.17073607,0.1757849,0.12467765,0.17113605,-0.15123485,-0.015074307,0.041994516,0.0007482885,-0.0055144886,-0.058895756,0.04080709,-0.026537588,-0.02556227,-0.05118521,0.022769643,-0.09076675,0.005705604,0.019882245,0.15383562,-0.14755753,-0.050110623,-0.0010631145,0.06300548,-0.035874747,-0.069946505,0.030925587,-0.016327454,-0.019242939,-0.022362102,0.13060342,-0.044527754,0.05186442,-0.03544255,-0.0744703,-0.1092151,-0.030992353,-0.1270925,-0.12795493,0.037035957,0.039231,0.074610285,0.20534277,0.05402813,0.19751707,-0.17245717,0.10497187,-0.112354696,-0.12194898,0.05422021,-0.025549553,0.075136095,-0.012893447,0.07693851,0.006393161,0.010797845,-0.04816285,-0.005905031,0.076683395,-0.04062488,0.06279503,-0.0043502753,-0.02453459,0.10111937,0.08133585,0.11588313,0.10387884,-0.1648851,0.12902246,0.048575535,0.1009776,-0.031677853,-0.042082366
0.14489633,0.12530185,-0.0063827527,0.022242941,0.2187034,-0.404403,-0.034947522,0.3948067,0.033697583,-0.27466467,-0.078552045,-0.14812733,-0.014773023,0.15236872,-0.21001583,0.21296874,0.14479698,-0.210005,0.16682374,-0.21495725,0.20230189,0.12234904,0.13210794,-0.165519,0.083152175,0.086787045,0.33384326,-0.34379968,0.05741755,-0.08746878,0.046691738,0.061017934,-0.17797804,-0.12588248,-0.098620676,-0.07001088,-0.091450006,0.32046372,-0.04837499,0.08544705,-0.12657487,-0.077789254,-0.09963402,-0.46060514,-0.16789019,-0.14717588,0.13947101,0.25913683,0.17525575,-0.061834175,0.12492625,0.053492647,0.12138422,-0.04330099,-0.037845578,0.06304449,0.23895983,0.1236048,0.2746629,-0.18509668,0.14287539,-0.20314604,-0.17853309,0.089100055,-0.0759233,0.066199906,-0.108272806,0.073817104,-0.17266697,-0.24680758,0.061767254,0.0885811,0.02280408,0.11558219,-0.09883725,-0.0065290076,0.15191606,-0.017647065,-0.16012055,-0.083511256
-0.4283594,-0.43271938,0.21313003,0.12547997,-0.404403,1.1825963,-0.07978386,-0.85715795,-0.5168418,1.039548,0.49148405,0.75984967,-0.3634554,-0.3615277,0.5536801,-0.44837376,-0.32056788,0.29035342,-0.24625365,0.38527352,-0.4944839,-0.39229283,-0.21992059,0.113109834,-0.16093643,-0.13162419,-0.30443746,0.3418751,-0.25218943,0.18217997,0.06570131,-0.2226497,0.19379146,0.34689072,0.16592394,0.09781911,0.13501216,-0.33677763,-0.0139188245,-0.045323543,0.17514701,-0.0298659,-0.07435184,0.8930748,0.023320714,-0.022730911,-0.19825767,-0.44556478,-0.17586358,0.6666539,-0.12315623,0.40236953,-0.7067487,0.36551678,-0.21319848,-0.45157173,-0.36378124,-0.32804412,-0.38468975,0.3577413,-0.101318456,0.44624126,0.40569204,-0.31409943,0.14513037,0.06014758,0.12292205,0.007794957,0.35375437,0.45784912,0.13329361,0.024964103,0.25421253,0.02670255,-0.2213244,0.35052902,-0.19445692,0.3008468,0.25590512,0.06675951
0.030126879,0.046738774,-0.06584204,-0.05888607,-0.034947522,-0.07978386,0.053542074,-0.02086945,0.14556767,-0.13267966,-0.10243391,-0.13771608,0.13213806,0.0021489447,-0.021351373,-0.015906619,-0.005594354,0.06609239,-0.047320716,0.038401425,0.007661726,0.035598062,-0.029199934,0.09052873,-0.010902616,-0.023450343,-0.15725188,0.15252379,0.039318677,0.007188098,-0.05795389,0.026722081,0.073375836,-0.017785309,0.021217117,0.021694316,0.025933784,-0.13615727,0.04205931,-0.05107422,0.039787497,0.070118755,0.10179815,0.05986184,0.12218318,0.12144662,-0.042092483,-0.0525684,-0.07722304,-0.17354648,-0.055778045,-0.17502625,0.14077714,-0.0878799,0.100092515,0.10117994,-0.064114414,0.013288925,-0.08480075,0.024436302,-0.0769211,0.009013179,0.0034321235,0.03536061,0.0105575565,-0.07120659,0.042967927,-0.059714876,0.016141165,0.038947273,-0.09206839,-0.07684251,-0.10207307,-0.098315656,0.14999187,-0.11135976,-0.052985795,-0.086255915,0.038927887,0.04245714
0.30847323,0.28496847,-0.07038253,-0.008556671,0.3948067,-0.85715795,-0.02086945,0.74987704,0.19371857,-0.65126747,-0.2430285,-0.4094739,0.087577865,0.29838398,-0.42746305,0.4004099,0.2768336,-0.35046303,0.28296238,-0.3844766,0.40040126,0.26941517,0.23136157,-0.24238639,0.15220681,0.14823379,0.51118815,-0.5347245,0.14634125,-0.16387643,0.039838523,0.14225808,-0.28173038,-0.2606098,-0.17322664,-0.11713514,-0.15512113,0.5037232,-0.05710634,0.1213083,-0.21127436,-0.08964172,-0.10426097,-0.8435873,-0.21913424,-0.17947495,0.23433962,0.45797345,0.27304634,-0.27309963,0.19398943,-0.049989462,0.36012954,-0.1616217,0.014470798,0.21174866,0.40854707,0.25221944,0.45981047,-0.3386652,0.21030365,-0.38736454,-0.3443837,0.2045074,-0.138444,0.06613251,-0.17286079,0.09107116,-0.32178077,-0.4459732,0.039141893,0.10472232,-0.045483366,0.13836001,-0.06028438,-0.11073754,0.2489666,-0.110272445,-0.27730715,-0.1251273
0.19003195,0.22944528,-0.2114393,-0.17073607,0.033697583,-0.5168418,0.14556767,0.19371857,0.48033223,-0.59809303,-0.3740353,-0.53080446,0.40621334,0.106877886,-0.20519675,0.089863084,0.07752992,0.0700498,-0.039335992,-0.020364618,0.15703855,0.19243845,-0.0051087243,0.17619553,0.020317845,-0.016789295,-0.27561706,0.25419298,0.16148631,-0.034845956,-0.15173784,0.12420269,0.11401861,-0.13869236,0.001984677,0.02228477,0.021542419,-0.21801035,0.100601815,-0.10461912,0.04206981,0.16959555,0.25495705,-0.1142183,0.27427366,0.28556556,-0.04085163,0.0048005767,-0.1279168,-0.58688587,-0.09348516,-0.51576823,0.5228679,-0.30506313,0.29018646,0.35989904,-0.044799138,0.12304293,-0.08645311,-0.044701595,-0.1482419,-0.105107,-0.10650208,0.1698448,-0.016654234,-0.18063444,0.064105965,-0.13945805,-0.06264456,-0.03957374,-0.24921186,-0.18366858,-0.3063035,-0.23351678,0.40717593,-0.3548077,-0.066962585,-0.28309554,0.017322922,0.07876777
-0.3781389,-0.40316397,0.25418687,0.1757849,-0.27466467,1.039548,-0.13267966,-0.65126747,-0.59809303,0.99503475,0.5220049,0.78021705,-0.45925847,-0.28891096,0.46592304,-0.33419314,-0.24643801,0.14395458,-0.13343266,0.2550395,-0.4012947,-0.35670075,-0.13612632,-0.028055869,-0.11320856,-0.07371407,-0.03670857,0.072478026,-0.2506523,0.1348453,0.12726428,-0.21091428,0.058074273,0.29763454,0.10375993,0.04924069,0.073170036,-0.08969961,-0.06563969,0.030462148,0.086941175,-0.11470242,-0.1910527,0.62905186,-0.14022759,-0.17571716,-0.10223782,-0.28435597,-0.038889285,0.7529944,-0.025027107,0.54575646,-0.7421674,0.40341014,-0.29872346,-0.48878896,-0.20463565,-0.27687934,-0.1943169,0.25138703,0.019715022,0.34145823,0.3166151,-0.29450858,0.10114747,0.14008074,0.041478775,0.08372312,0.25900492,0.31176832,0.22506396,0.11955543,0.333755,0.1488193,-0.36996073,0.42204273,-0.08508227,0.35011992,0.15197112,-0.0023059675
-0.17979096,-0.20507556,0.16260463,0.12467765,-0.078552045,0.49148405,-0.10243391,-0.2430285,-0.3740353,0.5220049,0.3039109,0.44015145,-0.30585578,-0.11825624,0.20708872,-0.11994875,-0.09406993,-0.002579536,-0.01037493,0.06749,-0.16853954,-0.17617206,-0.028052708,-0.09419162,-0.035583384,-0.008196409,0.12922327,-0.11049624,-0.13689397,0.047693763,0.10429417,-0.10936422,-0.043816477,0.13608606,0.02233506,-4.6244444e-05,0.0057032965,0.08857731,-0.06493492,0.05903088,-0.0014398574,-0.11037756,-0.17011847,0.19838047,-0.16832803,-0.1819383,-0.0026064112,-0.06631707,0.0550615,0.46200475,0.041003507,0.37994528,-0.42763928,0.2428484,-0.2118947,-0.28939298,-0.02365623,-0.12361454,-0.00055997795,0.07880798,0.0783736,0.12918545,0.124296635,-0.1509219,0.031044703,0.12158864,-0.022651132,0.08838117,0.08947026,0.08982384,0.17489846,0.11848801,0.22780876,0.14993028,-0.28626198,0.2718491,0.014274024,0.21991163,0.02552225,-0.03980702
-0.2774361,-0.3095301,0.2293253,0.17113605,-0.14812733,0.75984967,-0.13771608,-0.4094739,-0.53080446,0.78021705,0.44015145,0.64341843,-0.42671803,-0.19236465,0.3270273,-0.2052355,-0.15710717,0.032750554,-0.043453876,0.13195266,-0.27158657,-0.26845187,-0.06225263,-0.10353399,-0.06434343,-0.02653462,0.12354956,-0.09554131,-0.20207848,0.082088254,0.13829301,-0.1640633,-0.030673359,0.21280207,0.048428066,0.012060356,0.023843054,0.0688191,-0.08275974,0.06805272,0.019900765,-0.14144538,-0.22151,0.35820493,-0.20717572,-0.22986564,-0.027813306,-0.13795793,0.046927527,0.65914494,0.03591338,0.52399874,-0.62122566,0.3483434,-0.29084527,-0.4170894,-0.07458786,-0.1949035,-0.048355117,0.14266618,0.08525466,0.21649824,0.20537393,-0.22725418,0.056721296,0.15918761,-0.013039569,0.11126082,0.15547824,0.16881499,0.23477703,0.15095955,0.3157861,0.19041327,-0.38465843,0.3826781,-0.0062765446,0.31170806,0.0635526,-0.041406788
0.13439387,0.17219761,-0.18050289,-0.15123485,-0.014773023,-0.3634554,0.13213806,0.087577865,0.40621334,-0.45925847,-0.30585578,-0.42671803,0.35218632,0.061409697,-0.13440663,0.034660835,0.037693,0.10222738,-0.06718513,0.025486419,0.09454675,0.14097254,-0.03081548,0.18458565,0.00083618064,-0.031792756,-0.3037279,0.2873005,0.12734942,-0.012462968,-0.13979171,0.09457566,0.13362262,-0.094059,0.021431752,0.03316189,0.036811788,-0.2515259,0.096165486,-0.107034184,0.06148514,0.16136435,0.23912093,-0.0060689566,0.26938006,0.27494484,-0.06301724,-0.047703717,-0.14502673,-0.49219245,-0.10535842,-0.45411777,0.4252438,-0.25360942,0.25705,0.29680422,-0.08631013,0.08106037,-0.12926216,-0.0014091934,-0.1560242,-0.049731083,-0.055853393,0.1281985,0.00086764235,-0.16853671,0.07676949,-0.1346599,-0.019321313,0.015342362,-0.2266078,-0.17562178,-0.2678977,-0.22387809,0.36982787,-0.30373096,-0.08795465,-0.2398545,0.04691923,0.08442196
0.13038541,0.12418226,-0.041388,-0.015074307,0.15236872,-0.3615277,0.0021489447,0.29838398,0.106877886,-0.28891096,-0.11825624,-0.19236465,0.061409697,0.12079329,-0.17665428,0.15838723,0.11057148,-0.12833317,0.1048082,-0.14751981,0.1630355,0.115709126,0.0875688,-0.0799116,0.059248883,0.055169567,0.17517783,-0.18560566,0.066795014,-0.06468959,0.0046324697,0.062661625,-0.09916863,-0.10864126,-0.06569255,-0.04297086,-0.057457782,0.17632994,-0.014735529,0.038855527,-0.077375844,-0.022322243,-0.021967046,-0.32849097,-0.06428387,-0.04843055,0.08622552,0.17437252,0.09490612,-0.14442274,0.06724694,-0.054711368,0.17306313,-0.08254387,0.025593122,0.10539034,0.15215488,0.10436909,0.16875179,-0.13179566,0.06965509,-0.15448526,-0.13824818,0.08947823,-0.053765025,0.012623832,-0.06125195,0.024952326,-0.12662168,-0.17222002,-0.0023818328,0.027078722,-0.038494613,0.036410064,0.0052854056,-0.066651314,0.08997604,-0.061508883,-0.10418337,-0.042096905
-0.2001458,-0.19676496,0.08268497,0.041994516,-0.21001583,0.5536801,-0.021351373,-0.42746305,-0.20519675,0.46592304,0.20708872,0.3270273,-0.13440663,-0.17665428,0.26454508,-0.22526123,-0.15913203,0.16441117,-0.13653794,0.20177844,-0.24005182,-0.18063326,-0.11759747,0.08557389,-0.082579456,-0.072368056,-0.20161182,0.21840797,-0.11066113,0.09176742,0.012976387,-0.10035435,0.1194573,0.16427754,0.08845372,0.05519952,0.07485543,-0.21046875,0.007146981,-0.039207276,0.09914929,0.008646941,-0.0026516214,0.45804074,0.05204094,0.029202893,-0.11125347,-0.23606527,-0.1119401,0.26939884,-0.07895561,0.13924709,-0.2999584,0.15012427,-0.07133763,-0.1879241,-0.19977818,-0.15652533,-0.21690981,0.18363051,-0.075267345,0.22192442,0.20017615,-0.14234987,0.07471021,0.0058480077,0.07458411,-0.016018076,0.17891815,0.23756596,0.03480197,-0.01328601,0.090801336,-0.019568313,-0.05874348,0.13496916,-0.11300848,0.118936285,0.13848422,0.046860605
0.16123314,0.14724724,-0.031484384,0.0007482885,0.21296874,-0.44837376,-0.015906619,0.4004099,0.089863084,-0.33419314,-0.11994875,-0.2052355,0.034660835,0.15838723,-0.22526123,0.2142342,0.14763035,-0.19220261,0.15464021,-0.20778926,0.21211001,0.13998313,0.12558652,-0.13696136,0.08187304,0.08088998,0.28582063,-0.29790413,0.0742391,-0.08774096,0.026384778,0.0732019,-0.15632868,-0.13690537,-0.09397195,-0.06420422,-0.084773704,0.27995616,-0.03413255,0.06906436,-0.11586307,-0.053947445,-0.06456611,-0.4537203,-0.12745048,-0.10630674,0.12832874,0.24812432,0.1520594,-0.12953505,0.10811483,-0.010826828,0.17873545,-0.07799282,-0.0013109911,0.103437394,0.22289434,0.13285056,0.2519994,-0.18218619,0.11868674,-0.20668109,-0.18333636,0.105508305,-0.07452756,0.041550968,-0.09573365,0.053771477,-0.17246671,-0.2405216,0.029082596,0.06256694,-0.014992971,0.08237534,-0.04552836,-0.04883805,0.13708213,-0.050848562,-0.15087985,-0.07031906
0.115422025,0.10738051,-0.028684556,-0.0055144886,0.14479698,-0.32056788,-0.005594354,0.2768336,0.07752992,-0.24643801,-0.09406993,-0.15710717,0.037693,0.11057148,-0.15913203,0.14763035,0.102283284,-0.1271365,0.10289021,-0.14083433,0.14856616,0.10117756,0.08450538,-0.08614421,0.05592488,0.053953826,0.18301798,-0.19192141,0.055753876,-0.06039391,0.012442463,0.053740088,-0.10139594,-0.09720741,-0.063297175,-0.042508557,-0.05640513,0.1810943,-0.01946967,0.042883255,-0.07664564,-0.030398963,-0.03455003,-0.30997917,-0.076273225,-0.0616175,0.08509444,0.16748436,0.098027125,-0.108037926,0.06960827,-0.025483467,0.13895786,-0.06334669,0.009346111,0.08243764,0.14872272,0.09392147,0.1668804,-0.12442764,0.07480674,-0.14307456,-0.12738192,0.07713399,-0.05084253,0.02165061,-0.06229512,0.031342763,-0.118506156,-0.16358359,0.010825337,0.035715133,-0.020908376,0.047314994,-0.016346222,-0.04544074,0.09007651,-0.04426835,-0.10113057,-0.044640675
-0.10298759,-0.07502696,-0.03923074,-0.058895756,-0.210005,0.29035342,0.06609239,-0.35046303,0.0700498,0.14395458,-0.002579536,0.032750554,0.10222738,-0.12833317,0.16441117,-0.19220261,-0.1271365,0.22372442,-0.17420684,0.20915711,-0.16712743,-0.08006962,-0.13234189,0.20240805,-0.07822726,-0.089835994,-0.3910558,0.39632934,-0.022235457,0.07938429,-0.07908938,-0.033847965,0.20138429,0.09516378,0.0984011,0.07435438,0.09549278,-0.36534807,0.069740206,-0.10743479,0.13481139,0.113831654,0.15393104,0.43296427,0.2259025,0.20775789,-0.14736031,-0.2564012,-0.20167536,-0.065063454,-0.14425515,-0.16430527,-0.007893533,-0.022733614,0.10014117,0.014938507,-0.2470469,-0.09627397,-0.29149333,0.17424718,-0.17388822,0.17915887,0.15440679,-0.051908493,0.07183545,-0.10469759,0.1213789,-0.10339002,0.15803179,0.23665823,-0.11507455,-0.12758583,-0.08867211,-0.16515349,0.18594728,-0.069985695,-0.16535138,-0.043484468,0.16280316,0.09993995
0.087568134,0.06681335,0.023939783,0.04080709,0.16682374,-0.24625365,-0.047320716,0.28296238,-0.039335992,-0.13343266,-0.01037493,-0.043453876,-0.06718513,0.1048082,-0.13653794,0.15464021,0.10289021,-0.17420684,0.13615377,-0.16571233,0.13708334,0.069564424,0.10425563,-0.15386516,0.062399812,0.070328556,0.29942,-0.30429196,0.022903062,-0.06379481,0.05737134,0.030828927,-0.15512036,-0.07969128,-0.07757811,-0.05793036,-0.07463437,0.28104654,-0.051690996,0.08130083,-0.104977846,-0.084192425,-0.11300082,-0.3454227,-0.1691494,-0.15445764,0.11492007,0.20247415,0.1548889,0.031866077,0.11072356,0.11253306,0.023576967,0.007816229,-0.06938872,0.00015397566,0.1934474,0.080048054,0.22713603,-0.13897394,0.13228892,-0.14485376,-0.12536927,0.046594076,-0.057234764,0.07661887,-0.09364772,0.076953344,-0.12677443,-0.1880496,0.082531504,0.094578296,0.05980423,0.12256734,-0.13321286,0.04345026,0.12824968,0.024918687,-0.12788601,-0.07624472
-0.13791212,-0.11751412,0.00062345626,-0.026537588,-0.21495725,0.38527352,0.038401425,-0.3844766,-0.020364618,0.2550395,0.06749,0.13195266,0.025486419,-0.14751981,0.20177844,-0.20778926,-0.14083433,0.20915711,-0.16571233,0.21161772,-0.1954576,-0.11559316,-0.13052869,0.1680987,-0.08152636,-0.086110204,-0.33690512,0.346157,-0.052336242,0.08539686,-0.050158698,-0.05689078,0.17872666,0.12052358,0.09739263,0.06969953,0.09084018,-0.32215288,0.050447267,-0.08714552,0.12605979,0.0813316,0.1051842,0.45155442,0.17307213,0.15293008,-0.13875566,-0.25564113,-0.17641285,0.04527507,-0.12581289,-0.066644125,-0.10577007,0.03454858,0.04514431,-0.052563425,-0.23705785,-0.11869562,-0.2734153,0.18149176,-0.14499885,0.19768494,0.17335431,-0.08338272,0.074489765,-0.07018918,0.108587086,-0.076601975,0.16874182,0.24253854,-0.06765517,-0.09236104,-0.030730924,-0.120349556,0.10848428,-0.0030811008,-0.15174,0.009817713,0.15850525,0.084540874
0.17845662,0.17157227,-0.06165538,-0.02556227,0.20230189,-0.4944839,0.007661726,0.40040126,0.15703855,-0.4012947,-0.16853954,-0.27158657,0.09454675,0.1630355,-0.24005182,0.21211001,0.14856616,-0.16712743,0.13708334,-0.1954576,0.22047378,0.15915804,0.11545506,-0.0996746,0.07890459,0.07228855,0.22216758,-0.23664634,0.093546875,-0.08656989,0.0010878539,0.08685359,-0.12716188,-0.14804454,-0.08667357,-0.055999454,-0.07515235,0.22559796,-0.016122477,0.047836978,-0.100771524,-0.023853306,-0.02055533,-0.43751928,-0.07578957,-0.054482896,0.11249685,0.23039764,0.12107313,-0.21014348,0.085693516,-0.08933317,0.24583814,-0.119099714,0.043409873,0.15108313,0.19941805,0.14188498,0.21995187,-0.17550226,0.08705849,-0.20746312,-0.18607019,0.123774424,-0.07154238,0.010681848,-0.07875149,0.028324818,-0.16926526,-0.22870794,-0.011404115,0.029667282,-0.06097892,0.0403362,0.020473072,-0.099764034,0.11658364,-0.09059743,-0.13698786,-0.052973583
0.14232887,0.14686936,-0.08045835,-0.05118521,0.12234904,-0.39229283,0.035598062,0.26941517,0.19243845,-0.35670075,-0.17617206,-0.26845187,0.14097254,0.115709126,-0.18063326,0.13998313,0.10117756,-0.08006962,0.069564424,-0.11559316,0.15915804,0.13186365,0.06460212,-0.018907871,0.04925992,0.03753209,0.067275696,-0.08011219,0.08788614,-0.05673945,-0.03194331,0.076076485,-0.047892127,-0.114005946,-0.04889474,-0.027083652,-0.0381417,0.081589885,0.01241443,0.0047702575,-0.048314914,0.022821069,0.043015987,-0.27347633,0.015730811,0.030278346,0.0552485,0.13213544,0.041444898,-0.24552321,0.02870141,-0.16151586,0.25209686,-0.13323772,0.08697478,0.16320509,0.103862934,0.10714261,0.106608704,-0.10946041,0.017727552,-0.14061016,-0.12873612,0.10688049,-0.044284336,-0.03268505,-0.031055788,-0.013809217,-0.109761804,-0.13863611,-0.05996926,-0.022532705,-0.1004309,-0.027158905,0.09902831,-0.13290997,0.05197073,-0.11230466,-0.074234016,-0.013240786
0.07853699,0.064426884,0.0074232724,0.022769643,0.13210794,-0.21992059,-0.029199934,0.23136157,-0.0051087243,-0.13612632,-0.028052708,-0.06225263,-0.03081548,0.0875688,-0.11759747,0.12558652,0.08450538,-0.13234189,0.10425563,-0.13052869,0.11545506,0.06460212,0.081164554,-0.11079132,0.049825873,0.05404019,0.21918584,-0.22413407,0.026502835,-0.051690377,0.036721684,0.03070549,-0.1150879,-0.069646046,-0.060492605,-0.044062518,-0.057150085,0.20790617,-0.03501186,0.057926685,-0.07975744,-0.05671998,-0.07467041,-0.27591106,-0.11749944,-0.10542105,0.08758856,0.1584143,0.11416586,-0.0064091026,0.08150343,0.060395103,0.046302933,-0.010164564,-0.038724866,0.019314898,0.14871792,0.06909008,0.17281154,-0.11094055,0.09542836,-0.118755065,-0.103609584,0.045454342,-0.045595918,0.050215326,-0.06973189,0.052672666,-0.10236813,-0.14900145,0.051176384,0.064082116,0.03037858,0.083286576,-0.08234028,0.015017137,0.0966081,0.004366254,-0.098971486,-0.055355955
-0.038468424,-0.005626242,-0.084508605,-0.09076675,-0.165519,0.113109834,0.09052873,-0.24238639,0.17619553,-0.028055869,-0.09419162,-0.10353399,0.18458565,-0.0799116,0.08557389,-0.13696136,-0.08614421,0.20240805,-0.15386516,0.1680987,-0.0996746,-0.018907871,-0.11079132,0.21088968,-0.059744928,-0.07848572,-0.3914951,0.39058694,0.021341233,0.057126928,-0.10280439,0.0025538825,0.19473952,0.044628546,0.08193103,0.06702475,0.08433744,-0.35603985,0.08248099,-0.11466798,0.121931985,0.13595425,0.19015183,0.3302357,0.2544738,0.2422354,-0.13201842,-0.21103129,-0.19840102,-0.19829327,-0.14240243,-0.26292837,0.1221538,-0.09389707,0.15430273,0.10094145,-0.21549648,-0.04939901,-0.26253474,0.13321543,-0.18040511,0.12241379,0.10158415,-0.0011607517,0.055356372,-0.13111122,0.11623795,-0.11989477,0.11537853,0.18613255,-0.15657791,-0.15080163,-0.14877695,-0.19416337,0.2541141,-0.1452487,-0.15333524,-0.1056651,0.139009,0.10210234
0.057739623,0.050960008,-0.005751353,0.005705604,0.083152175,-0.16093643,-0.010902616,0.15220681,0.020317845,-0.11320856,-0.035583384,-0.06434343,0.00083618064,0.059248883,-0.082579456,0.08187304,0.05592488,-0.07822726,0.062399812,-0.08152636,0.07890459,0.04925992,0.049825873,-0.059744928,0.03173346,0.032520425,0.12176241,-0.12586209,0.024241716,-0.033593655,0.015241771,0.025012864,-0.065433815,-0.049745716,-0.0372247,-0.026096059,-0.03420687,0.117618024,-0.016685456,0.030626753,-0.047151763,-0.026707418,-0.033611275,-0.17580768,-0.059091344,-0.051087692,0.052042793,0.09797026,0.06418586,-0.032630283,0.04571674,0.012060327,0.054115273,-0.021176988,-0.009712857,0.029501764,0.08956444,0.048638057,0.10239402,-0.07063036,0.05163241,-0.078403115,-0.06912708,0.036342494,-0.028944725,0.022154912,-0.039889656,0.02568294,-0.06621821,-0.09386195,0.019397058,0.030561952,0.0037760097,0.039974727,-0.030905655,-0.008071415,0.056331694,-0.011138651,-0.06021528,-0.030303845
0.04685272,0.036383573,0.010826658,0.019882245,0.086787045,-0.13162419,-0.023450343,0.14823379,-0.016789295,-0.07371407,-0.008196409,-0.02653462,-0.031792756,0.055169567,-0.072368056,0.08088998,0.053953826,-0.089835994,0.070328556,-0.086110204,0.07228855,0.03753209,0.05404019,-0.07848572,0.032520425,0.03635391,0.15323855,-0.15592691,0.013095358,-0.03335336,0.028617289,0.01692602,-0.07960472,-0.04238055,-0.04022575,-0.02988146,-0.038551617,0.14414154,-0.02605565,0.04138439,-0.05413666,-0.042395316,-0.05669618,-0.1800344,-0.085675746,-0.07796998,0.05930298,0.10506187,0.079380065,0.012112692,0.056730103,0.054490812,0.016164506,0.0017586123,-0.033808947,0.0027882962,0.10000632,0.042447835,0.11716755,-0.07242383,0.06750423,-0.075928345,-0.06583201,0.02544707,-0.029813683,0.038383752,-0.048093755,0.03886712,-0.06623083,-0.09784137,0.040934622,0.047676682,0.028716072,0.061819796,-0.06603488,0.019868052,0.0660207,0.010795177,-0.06620563,-0.038956273
0.10574116,0.04662317,0.13512094,0.15383562,0.33384326,-0.30443746,-0.15725188,0.51118815,-0.27561706,-0.03670857,0.12922327,0.12354956,-0.3037279,0.17517783,-0.20161182,0.28582063,0.18301798,-0.3910558,0.29942,-0.33690512,0.22216758,0.067275696,0.21918584,-0.3914951,0.12176241,0.15323855,0.7347236,-0.7362308,-0.017421072,-0.11880918,0.18067174,0.014120242,-0.36903626,-0.11003938,-0.1623667,-0.12963378,-0.16412267,0.67322856,-0.14822099,0.21150726,-0.23559457,-0.24373123,-0.33815056,-0.67332834,-0.46287665,-0.43683267,0.2558093,0.41974255,0.37415868,0.30302796,0.2682941,0.442349,-0.16174534,0.13929555,-0.2615291,-0.14480925,0.42094433,0.117093064,0.5079023,-0.27140507,0.33528745,-0.25929195,-0.21815042,0.028547928,-0.11248289,0.23240979,-0.22088423,0.21650192,-0.23876248,-0.37567922,0.27237758,0.27103612,0.24806741,0.34942827,-0.44162732,0.23356757,0.29409918,0.16605514,-0.27332452,-0.19055265
-0.11935795,-0.06112421,-0.1260204,-0.14755753,-0.34379968,0.3418751,0.15252379,-0.5347245,0.25419298,0.072478026,-0.11049624,-0.09554131,0.2873005,-0.18560566,0.21840797,-0.29790413,-0.19192141,0.39632934,-0.30429196,0.346157,-0.23664634,-0.08011219,-0.22413407,0.39058694,-0.12586209,-0.15592691,-0.7362308,0.73902386,0.008417456,0.12368571,-0.17614426,-0.0217038,0.37121776,0.12076408,0.1661372,0.13143657,0.16679427,-0.6766244,0.1458999,-0.2104666,0.23877937,0.23967133,0.33137092,0.69610775,0.45795548,0.43062937,-0.259549,-0.43006924,-0.375652,-0.27604398,-0.26926214,-0.42284846,0.13511431,-0.12483321,0.2508603,0.12727992,-0.4284063,-0.12707365,-0.51501566,0.28050894,-0.33466467,0.27162975,0.2295849,-0.03913943,0.11614675,-0.22743495,0.22243142,-0.2135484,0.2481318,0.3869798,-0.2643588,-0.2668088,-0.2361362,-0.3441693,0.42844442,-0.21845973,-0.29723215,-0.15351482,0.27885607,0.19051853
0.09191648,0.100403704,-0.06928496,-0.050110623,0.05741755,-0.25218943,0.039318677,0.14634125,0.16148631,-0.2506523,-0.13689397,-0.20207848,0.12734942,0.066795014,-0.11066113,0.0742391,0.055753876,-0.022235457,0.022903062,-0.052336242,0.093546875,0.08788614,0.026502835,0.021341233,0.024241716,0.013095358,-0.017421072,0.008417456,0.06410984,-0.029828494,-0.038798895,0.052899443,-0.001287447,-0.07137289,-0.020372378,-0.007755966,-0.012561797,-0.001765186,0.02201277,-0.015405574,-0.013450277,0.037910752,0.06067949,-0.13481922,0.052343816,0.060384296,0.016588986,0.056748196,-0.003757316,-0.20171101,-0.0034182037,-0.15429534,0.19383156,-0.107226744,0.085160285,0.12904897,0.03651575,0.06586025,0.030740462,-0.053793095,-0.017185038,-0.07704362,-0.072248295,0.0735446,-0.02152475,-0.043925986,-0.002472092,-0.029075254,-0.056909297,-0.06529253,-0.06690091,-0.04013266,-0.093542315,-0.050394215,0.10974978,-0.11537343,0.010852071,-0.09470436,-0.028546756,0.007513186
-0.0654926,-0.05956428,0.012017734,-0.0010631145,-0.08746878,0.18217997,0.007188098,-0.16387643,-0.034845956,0.1348453,0.047693763,0.082088254,-0.012462968,-0.06468959,0.09176742,-0.08774096,-0.06039391,0.07938429,-0.06379481,0.08539686,-0.08656989,-0.05673945,-0.051690377,0.057126928,-0.033593655,-0.03335336,-0.11880918,0.12368571,-0.029828494,0.035943523,-0.01152623,-0.029566707,0.06481983,0.05571097,0.038669948,0.026512953,0.034972195,-0.11614164,0.014487551,-0.02887668,0.04785353,0.02294483,0.027691076,0.18616062,0.053647894,0.04499906,-0.052976664,-0.10206003,-0.06312488,0.050696127,-0.044893254,0.0021727541,-0.071220934,0.0307377,0.0018230126,-0.040963333,-0.09189953,-0.054112,-0.10405796,0.0747558,-0.049484883,0.084566094,0.07495563,-0.042656045,0.030587846,-0.017893603,0.03966953,-0.022739122,0.07067772,0.09877837,-0.0130673265,-0.026553245,0.0048133316,-0.034923162,0.020532072,0.018523037,-0.05669342,0.01966741,0.062150378,0.029278522
-0.025162589,-0.043539323,0.06903379,0.06300548,0.046691738,0.06570131,-0.05795389,0.039838523,-0.15173784,0.12726428,0.10429417,0.13829301,-0.13979171,0.0046324697,0.012976387,0.026384778,0.012442463,-0.07908938,0.05737134,-0.050158698,0.0010878539,-0.03194331,0.036721684,-0.10280439,0.015241771,0.028617289,0.18067174,-0.17614426,-0.038798895,-0.01152623,0.06313038,-0.025373485,-0.08530856,0.01302903,-0.026801506,-0.026009275,-0.03144302,0.15785657,-0.04647174,0.057640795,-0.04761855,-0.077345535,-0.1116881,-0.083869666,-0.13623948,-0.13452663,0.050628964,0.06707379,0.08923594,0.17992245,0.0643798,0.18669924,-0.14272606,0.09056599,-0.10709625,-0.103675656,0.07831711,-0.008398029,0.10171262,-0.03410409,0.08745276,-0.018682431,-0.011692561,-0.03319789,-0.014551349,0.077966444,-0.0501389,0.06621194,-0.02480798,-0.0521747,0.09973046,0.08491308,0.10850084,0.10874321,-0.1623934,0.116951056,0.06266128,0.09001704,-0.048231512,-0.048480596
0.08094632,0.085731804,-0.052630126,-0.035874747,0.061017934,-0.2226497,0.026722081,0.14225808,0.12420269,-0.21091428,-0.10936422,-0.1640633,0.09457566,0.062661625,-0.10035435,0.0732019,0.053740088,-0.033847965,0.030828927,-0.05689078,0.08685359,0.076076485,0.03070549,0.0025538825,0.025012864,0.01692602,0.014120242,-0.0217038,0.052899443,-0.029566707,-0.025373485,0.044761617,-0.015481247,-0.06394489,-0.023364067,-0.011542241,-0.016904958,0.024804119,0.012611277,-0.0046189795,-0.020437393,0.022169707,0.03751292,-0.13895774,0.025677763,0.03341418,0.023849633,0.06381159,0.011465062,-0.15675029,0.00761607,-0.11168453,0.15568002,-0.08417682,0.06096353,0.10219941,0.046949342,0.059613075,0.045517065,-0.055551555,-0.0012744183,-0.074510224,-0.06889661,0.06257889,-0.02237995,-0.02763884,-0.010688217,-0.015848376,-0.056881703,-0.06923247,-0.04527988,-0.022960817,-0.06849424,-0.02847683,0.07448397,-0.087305486,0.020549675,-0.07266676,-0.03452698,-0.0011590844
-0.067991376,-0.039414212,-0.05745499,-0.069946505,-0.17797804,0.19379146,0.073375836,-0.28173038,0.11401861,0.058074273,-0.043816477,-0.030673359,0.13362262,-0.09916863,0.1194573,-0.15632868,-0.10139594,0.20138429,-0.15512036,0.17872666,-0.12716188,-0.047892127,-0.1150879,0.19473952,-0.065433815,-0.07960472,-0.36903626,0.37121776,-0.001287447,0.06481983,-0.08530856,-0.015481247,0.18694097,0.06692897,0.08537046,0.06681893,0.08502818,-0.34038594,0.071533225,-0.10459826,0.121334076,0.117357604,0.16154723,0.36196017,0.22597416,0.21152842,-0.13205765,-0.22133894,-0.188738,-0.12155013,-0.13522232,-0.19952075,0.051300615,-0.053588327,0.11891776,0.052939475,-0.21875872,-0.06962953,-0.26185068,0.14581218,-0.16695254,0.1433467,0.12177279,-0.026035255,0.060310077,-0.11068087,0.11216042,-0.1049715,0.1297856,0.20038867,-0.12728468,-0.13082416,-0.11078505,-0.16887473,0.2061753,-0.10000764,-0.15052888,-0.069102444,0.14280501,0.09523863
-0.12550737,-0.12488286,0.05651434,0.030925587,-0.12588248,0.34689072,-0.017785309,-0.2606098,-0.13869236,0.29763454,0.13608606,0.21280207,-0.094059,-0.10864126,0.16427754,-0.13690537,-0.09720741,0.09516378,-0.07969128,0.12052358,-0.14804454,-0.114005946,-0.069646046,0.044628546,-0.049745716,-0.04238055,-0.11003938,0.12076408,-0.07137289,0.05571097,0.01302903,-0.06394489,0.06692897,0.10240867,0.05245111,0.031993642,0.04369069,-0.117319606,0.0007137647,-0.019609097,0.05739528,-0.0008164293,-0.010520246,0.27597633,0.021276532,0.0073198867,-0.06462507,-0.1403358,-0.061977867,0.18055202,-0.043600943,0.10077711,-0.19645102,0.09984248,-0.052539725,-0.12421077,-0.11704946,-0.09725658,-0.1257601,0.11060189,-0.0394897,0.13545896,0.12259454,-0.09048184,0.04494469,0.0098103555,0.042036142,-0.0046177437,0.10843343,0.14244696,0.029408421,-0.0014443016,0.06466211,-0.003425463,-0.049166627,0.09258931,-0.06475096,0.08055335,0.08161931,0.025060438
-0.059274696,-0.048904628,-0.004731435,-0.016327454,-0.098620676,0.16592394,0.021217117,-0.17322664,0.001984677,0.10375993,0.02233506,0.048428066,0.021431752,-0.06569255,0.08845372,-0.09397195,-0.063297175,0.0984011,-0.07757811,0.09739263,-0.08667357,-0.04889474,-0.060492605,0.08193103,-0.0372247,-0.04022575,-0.1623667,0.1661372,-0.020372378,0.038669948,-0.026801506,-0.023364067,0.08537046,0.05245111,0.045092553,0.03276606,0.042526275,-0.15417594,0.025720948,-0.042789776,0.05930317,0.041643362,0.05470209,0.20613848,0.08655979,0.0775119,-0.06514627,-0.11812357,-0.08463025,0.0070070564,-0.060409628,-0.04306871,-0.036506675,0.008736675,0.027769197,-0.015766926,-0.110706106,-0.05197719,-0.12851083,0.082881175,-0.07058338,0.08893666,0.077650286,-0.034533363,0.034057155,-0.036751915,0.051744968,-0.038740348,0.07655817,0.1112379,-0.037208,-0.04707874,-0.021485442,-0.061207265,0.059842262,-0.009848559,-0.0717716,-0.0021801593,0.073722124,0.040971346
-0.034710757,-0.02548472,-0.012605477,-0.019242939,-0.07001088,0.09781911,0.021694316,-0.11713514,0.02228477,0.04924069,-4.6244444e-05,0.012060356,0.03316189,-0.04297086,0.05519952,-0.06420422,-0.042508557,0.07435438,-0.05793036,0.06969953,-0.055999454,-0.027083652,-0.044062518,0.06702475,-0.026096059,-0.02988146,-0.12963378,0.13143657,-0.007755966,0.026512953,-0.026009275,-0.011542241,0.06681893,0.031993642,0.03276606,0.0247137,0.031755004,-0.12119757,0.02300686,-0.0355515,0.04480461,0.037540637,0.050709374,0.14443764,0.074635945,0.06856874,-0.04898641,-0.08539934,-0.066885665,-0.020392623,-0.04783792,-0.05359752,-0.0037650138,-0.0069080098,0.03271926,0.0041928533,-0.082176305,-0.032329362,-0.09688771,0.058126416,-0.057587586,0.059893414,0.051653296,-0.017656095,0.023959445,-0.034474745,0.040283322,-0.03412877,0.052765224,0.07889993,-0.037781544,-0.042090587,-0.028864713,-0.054493364,0.06104091,-0.0225362,-0.054921202,-0.013866373,0.054180447,0.03311168
-0.048010778,-0.03663522,-0.013114126,-0.022362102,-0.091450006,0.13501216,0.025933784,-0.15512113,0.021542419,0.073170036,0.0057032965,0.023843054,0.036811788,-0.057457782,0.07485543,-0.084773704,-0.05640513,0.09549278,-0.07463437,0.09084018,-0.07515235,-0.0381417,-0.057150085,0.08433744,-0.03420687,-0.038551617,-0.16412267,0.16679427,-0.012561797,0.034972195,-0.03144302,-0.016904958,0.08502818,0.04369069,0.042526275,0.031755004,0.040911753,-0.15405327,0.028331388,-0.04456258,0.0575444,0.046144895,0.061933268,0.18935688,0.09271168,0.08465754,-0.06299453,-0.11099141,-0.0849007,-0.017443039,-0.060691856,-0.061665688,-0.012946695,-0.004271591,0.03802471,-9.982254e-05,-0.10604105,-0.04388559,-0.124506526,0.076183915,-0.072511084,0.07940967,0.06872883,-0.02554897,0.031375363,-0.04199279,0.051332567,-0.042177904,0.06949722,0.10308573,-0.04523101,-0.051837564,-0.032770045,-0.06717832,0.07300649,-0.023803134,-0.07030036,-0.013647667,0.07010314,0.041792054
0.117937505,0.06534691,0.10908232,0.13060342,0.32046372,-0.33677763,-0.13615727,0.5037232,-0.21801035,-0.08969961,0.08857731,0.0688191,-0.2515259,0.17632994,-0.21046875,0.27995616,0.1810943,-0.36534807,0.28104654,-0.32215288,0.22559796,0.081589885,0.20790617,-0.35603985,0.117618024,0.14414154,0.67322856,-0.6766244,-0.001765186,-0.11614164,0.15785657,0.024804119,-0.34038594,-0.117319606,-0.15417594,-0.12119757,-0.15405327,0.6200451,-0.13169195,0.19148846,-0.22011887,-0.21616934,-0.2981099,-0.65058124,-0.4149138,-0.3891198,0.2394481,0.39947817,0.34398222,0.23430596,0.2464944,0.37327117,-0.10585805,0.1044725,-0.22203986,-0.104689755,0.396076,0.12259143,0.47492802,-0.2621136,0.305166,-0.25613278,-0.21714844,0.042702213,-0.10846054,0.20439488,-0.20411503,0.19304456,-0.23272523,-0.3607745,0.23610763,0.2408379,0.20776543,0.3107958,-0.3825351,0.1895365,0.27345684,0.13192499,-0.25825527,-0.17393616
0.0060898545,0.020073846,-0.046449635,-0.044527754,-0.04837499,-0.0139188245,0.04205931,-0.05710634,0.100601815,-0.06563969,-0.06493492,-0.08275974,0.096165486,-0.014735529,0.007146981,-0.03413255,-0.01946967,0.069740206,-0.051690996,0.050447267,-0.016122477,0.01241443,-0.03501186,0.08248099,-0.016685456,-0.02605565,-0.14822099,0.1458999,0.02201277,0.014487551,-0.04647174,0.012611277,0.071533225,0.0007137647,0.025720948,0.02300686,0.028331388,-0.13169195,0.03527379,-0.04568638,0.04199974,0.058501028,0.08351105,0.092045665,0.10539328,0.10265363,-0.04502708,-0.06530695,-0.073996395,-0.11762459,-0.053270083,-0.13100137,0.08780723,-0.0582818,0.07569078,0.06569358,-0.071416855,-0.003689116,-0.09003792,0.037261423,-0.070321865,0.028148938,0.021525089,0.015795628,0.015666373,-0.058041926,0.04232161,-0.050629433,0.029995998,0.054239783,-0.07250188,-0.06446668,-0.07550199,-0.082721554,0.11792419,-0.07901671,-0.05415398,-0.05985929,0.044967268,0.039311312
0.01503721,-0.0031370912,0.049677156,0.05186442,0.08544705,-0.045323543,-0.05107422,0.1213083,-0.10461912,0.030462148,0.05903088,0.06805272,-0.107034184,0.038855527,-0.039207276,0.06906436,0.042883255,-0.10743479,0.08130083,-0.08714552,0.047836978,0.0047702575,0.057926685,-0.11466798,0.030626753,0.04138439,0.21150726,-0.2104666,-0.015405574,-0.02887668,0.057640795,-0.0046189795,-0.10459826,-0.019609097,-0.042789776,-0.0355515,-0.04456258,0.19148846,-0.04568638,0.062582225,-0.06471605,-0.07540516,-0.105934896,-0.16923653,-0.13999802,-0.13391298,0.069945134,0.1099521,0.10687598,0.11896561,0.07675455,0.15079886,-0.077555254,0.05705201,-0.08816741,-0.06217767,0.113593824,0.022511624,0.13923244,-0.06830551,0.09802673,-0.061072584,-0.05017041,-0.0038891756,-0.028434526,0.07317104,-0.062329046,0.066230595,-0.058526512,-0.096044086,0.08826988,0.083522335,0.08571153,0.10746004,-0.14332741,0.0851547,0.081755504,0.062609166,-0.07296895,-0.05534356
-0.062126238,-0.04528719,-0.02357847,-0.03544255,-0.12657487,0.17514701,0.039787497,-0.21127436,0.04206981,0.086941175,-0.0014398574,0.019900765,0.06148514,-0.077375844,0.09914929,-0.11586307,-0.07664564,0.13481139,-0.104977846,0.12605979,-0.100771524,-0.048314914,-0.07975744,0.121931985,-0.047151763,-0.05413666,-0.23559457,0.23877937,-0.013450277,0.04785353,-0.04761855,-0.020437393,0.121334076,0.05739528,0.05930317,0.04480461,0.0575444,-0.22011887,0.04199974,-0.06471605,0.081234396,0.06855133,0.092691995,0.2609713,0.13606139,0.12512265,-0.08879768,-0.15452778,-0.12150523,-0.03903198,-0.08691013,-0.09886425,-0.0049176533,-0.013607357,0.060263436,0.008892625,-0.14887498,-0.058059566,-0.1756489,0.10502795,-0.10475241,0.10800662,0.09308962,-0.031336006,0.043298464,-0.06304309,0.073132224,-0.062267683,0.09526086,0.14263988,-0.06927597,-0.076836295,-0.053346388,-0.099462055,0.11194065,-0.042069692,-0.09963241,-0.026120095,0.0981119,0.060207035
0.012554025,0.03573959,-0.07815831,-0.0744703,-0.077789254,-0.0298659,0.070118755,-0.08964172,0.16959555,-0.11470242,-0.11037756,-0.14144538,0.16136435,-0.022322243,0.008646941,-0.053947445,-0.030398963,0.113831654,-0.084192425,0.0813316,-0.023853306,0.022821069,-0.05671998,0.13595425,-0.026707418,-0.042395316,-0.24373123,0.23967133,0.037910752,0.02294483,-0.077345535,0.022169707,0.117357604,-0.0008164293,0.041643362,0.037540637,0.046144895,-0.21616934,0.058501028,-0.07540516,0.06855133,0.09706211,0.13874029,0.14730169,0.17441915,0.17014703,-0.0734321,-0.10559501,-0.12154042,-0.19865198,-0.08751694,-0.21928412,0.14949915,-0.09863284,0.12658823,0.11140411,-0.116185494,-0.004219962,-0.14690544,0.059651684,-0.1158841,0.04404961,0.033312738,0.02797054,0.025110664,-0.096476205,0.06938531,-0.083897926,0.047641583,0.08719467,-0.12084637,-0.10691425,-0.12651186,-0.13715819,0.19658247,-0.13288787,-0.088570066,-0.100872904,0.07300091,0.06472319
