0.31173098,0.110723354,0.011820304,0.04528139,0.22531831,-0.20507592,-0.07270363,0.17859255,0.0063344603,-0.21388961,-0.10599353,-0.15635575,0.05131776,0.15311559,-0.10137721,-0.08780362,0.2356892,-0.14691524,0.2761596,-0.12700984,0.16129366,0.096177004,0.08533584,-0.11069753,0.046097506,0.019749848,0.15740058,-0.17188296,0.05496122,-0.1824408,0.16467994,0.080501914,-0.23328467,-0.030046975,-0.284064,-0.4561157,0.123740315,0.22340885,-0.07453502,0.09659922,-0.19419739,-0.21250612,-0.1485848,0.08666731,-0.21898605,-0.1936807,0.20377776,0.19752462,0.1808994,0.018245742,0.25410092,-0.12463292,-0.14719461,-0.34431967,-0.12182131,0.16876715,0.20727326,0.14798485,0.16700065,-0.17259285,0.15685113,0.06612349,-0.1559704,0.0891627,-0.20351937,0.114285305,-0.21148627,0.10347869,-0.19356981,-0.15599343,0.14446966,0.07015229,0.46585873,0.04940603,-0.18527688,-0.19805203,0.106312595,-0.13390161,0.056984123,-0.26391637
0.110723354,0.04078399,0.018079475,0.032620765,0.065292545,-0.059119936,-0.027623527,0.036229122,-0.016639004,-0.04908019,-0.028659724,-0.042873126,-0.0041528526,0.046490878,-0.030187933,-0.014843953,0.07399074,-0.05529523,0.09315428,-0.045546833,0.03981431,0.03492476,0.020068403,-0.051187057,0.0039143795,-0.004201415,0.05844499,-0.077099614,0.026093122,-0.061793994,0.06253657,0.036187477,-0.10278686,0.009033305,-0.0973763,-0.16559511,0.052897915,0.08234363,-0.0388092,0.032314826,-0.07023569,-0.08906794,-0.063451804,0.05432693,-0.08666548,-0.07766905,0.06588186,0.0684042,0.065108486,0.028588174,0.09148397,-0.042708997,-0.058605384,-0.10145077,-0.050992634,0.053008404,0.068685,0.0495386,0.05706292,-0.060122743,0.055133585,0.04972636,-0.051639363,0.03384696,-0.06944144,0.047232088,-0.07476535,0.041032493,-0.062701516,-0.05530474,0.057342388,0.033704896,0.18274815,0.019384839,-0.07192956,-0.06073461,0.031259466,-0.04143047,0.030725105,-0.09675595
0.011820304,0.018079475,0.1327587,0.15934655,-0.13193521,0.123006456,-0.019914027,-0.25253877,-0.17980434,0.24820793,0.08165216,0.11476878,-0.2113779,-0.06943834,0.051631834,0.15244709,-0.08374432,-0.035239063,-0.03656312,-0.008956202,-0.16045503,0.010926854,-0.09438771,-0.11732529,-0.117007494,-0.10616242,0.030160576,-0.15948977,0.06472201,0.021743527,0.044791624,0.07543751,-0.19878253,0.18668996,0.022780951,-0.051494263,0.089970075,0.036983643,-0.12040216,-0.015363803,-0.019363677,-0.13757667,-0.10739639,0.22769853,-0.09298446,-0.091946185,-0.054207705,-0.0092321215,0.015009479,0.21141483,0.021360788,0.010136238,-0.06585542,0.18565923,-0.07823356,-0.059710957,-0.039190583,-0.023212288,-0.0151506895,0.004705975,0.00043641496,0.25262067,0.029921215,0.024134986,0.019413702,0.06761691,-0.004662034,0.04470073,0.050349317,-0.0049391454,0.06293902,0.0864211,0.18237635,0.019377206,-0.065371916,0.084102295,-0.0579402,0.05335117,0.102100916,-0.0387532
0.04528139,0.032620765,0.15934655,0.19437118,-0.1346318,0.12602036,-0.031001233,-0.28299063,-0.21357787,0.27429837,0.08666899,0.1210824,-0.2466913,-0.06740178,0.05136596,0.17283182,-0.07618109,-0.056686245,-0.01592084,-0.023381665,-0.17501701,0.022643564,-0.10390911,-0.15085576,-0.13478456,-0.12450113,0.05168534,-0.20721252,0.08260799,0.0076450673,0.06984475,0.09793022,-0.2601697,0.21940792,-0.0012897962,-0.10699793,0.1195712,0.06642042,-0.15090215,-0.008635843,-0.042505093,-0.18517183,-0.14281875,0.2799451,-0.13269496,-0.12892535,-0.04418614,0.008770177,0.03598676,0.25369748,0.05087973,-0.0003977868,-0.093189344,0.18672644,-0.105396725,-0.054246485,-0.025945487,-0.012843363,-0.0013359211,-0.011667191,0.016218146,0.30758026,0.020036897,0.0376772,0.0027597868,0.091994226,-0.026720462,0.063611224,0.04061106,-0.021496681,0.08944213,0.109979816,0.26390088,0.028029976,-0.09642472,0.080374435,-0.058387548,0.050159153,0.12734222,-0.07258274
0.22531831,0.065292545,-0.13193521,-0.1346318,0.31201103,-0.28708497,-0.034333535,0.40440583,0.19573838,-0.42674127,-0.16757214,-0.2411625,0.26358598,0.19056107,-0.13217595,-0.22885777,0.2687586,-0.074690044,0.2495458,-0.08740657,0.29343712,0.061787058,0.16533095,0.040100068,0.15940613,0.12778677,0.08808296,0.038179677,-0.026779197,-0.16229855,0.07810321,-0.018667247,0.033045262,-0.22114308,-0.24094425,-0.29336873,-0.001103644,0.1312067,0.070960924,0.09002298,-0.12762447,-0.016084015,0.0006480627,-0.17562377,-0.06837374,-0.050166715,0.21304825,0.16052455,0.12210036,-0.21054432,0.17121384,-0.10586398,-0.042396706,-0.45985657,-0.009893122,0.1921762,0.19977129,0.13756613,0.14351699,-0.13669461,0.11922293,-0.21776061,-0.15078269,0.042411186,-0.17590903,0.015414809,-0.15642613,0.0314997,-0.20116243,-0.11378774,0.04341387,-0.038226273,0.16184092,0.01712611,-0.07196899,-0.24041937,0.14263974,-0.15881938,-0.06492216,-0.16023743
-0.20507592,-0.059119936,0.123006456,0.12602036,-0.28708497,0.26418394,0.030869849,-0.37380537,-0.18213257,0.39406812,0.15441102,0.2221642,-0.24462031,-0.17510422,0.12152745,0.2117402,-0.2466619,0.06732426,-0.22816634,0.079462536,-0.2707564,-0.05607527,-0.15263534,-0.038997747,-0.14770983,-0.11866936,-0.079634994,-0.038130492,0.02575774,0.14835124,-0.07023456,0.018589975,-0.034274295,0.20542699,0.22003958,0.26625693,0.0028892192,-0.11878907,-0.067184396,-0.0823559,0.11589359,0.01177656,-0.0028388794,0.16480562,0.06035958,0.043789998,-0.195277,-0.14647274,-0.11095085,0.19628638,-0.155573,0.09668172,0.03725571,0.42293528,0.0073773866,-0.17637235,-0.18286388,-0.12584434,-0.13109834,0.12466274,-0.10863385,0.20372494,0.1380285,-0.03814232,0.16070513,-0.012631331,0.14244714,-0.027768584,0.18436517,0.10358672,-0.038243666,0.036643256,-0.14366099,-0.015200665,0.06421385,0.22084504,-0.13119476,0.14584252,0.06129838,0.14520654
-0.07270363,-0.027623527,-0.019914027,-0.031001233,-0.034333535,0.030869849,0.019181192,-0.008026496,0.021869734,0.016646717,0.013611068,0.02081483,0.01569393,-0.025953252,0.016449979,0.00027789295,-0.0429504,0.038111597,-0.058308315,0.03015882,-0.016017877,-0.023374962,-0.007243272,0.04048723,0.0046483744,0.009257445,-0.03984694,0.05992402,-0.020940877,0.038833223,-0.043406148,-0.02816156,0.07903781,-0.01734885,0.06190014,0.11081258,-0.039917752,-0.05580197,0.03263001,-0.020062143,0.046847887,0.066357076,0.047849696,-0.049313467,0.062054053,0.05614199,-0.039494876,-0.043899395,-0.04324722,-0.031580664,-0.06078335,0.027140355,0.042145524,0.054535955,0.037957706,-0.030788027,-0.04224026,-0.030776175,-0.03616303,0.038794182,-0.035867047,-0.04785489,0.031729374,-0.023486286,0.04394776,-0.03486047,0.04888867,-0.029421592,0.03766465,0.036255114,-0.041145213,-0.027222937,-0.130009,-0.013792539,0.050777335,0.034311093,-0.016758738,0.023652624,-0.026249796,0.06527965
0.17859255,0.036229122,-0.25253877,-0.28299063,0.40440583,-0.37380537,-0.008026496,0.61053056,0.35649195,-0.6248877,-0.22862838,-0.32612798,0.44748598,0.23518933,-0.16680484,-0.35560396,0.31667045,-0.026022794,0.25039497,-0.06465045,0.41886273,0.040832594,0.24021825,0.15829596,0.2591541,0.22084649,0.042762265,0.20133214,-0.091274336,-0.16069384,0.018798748,-0.0957448,0.2386002,-0.38533404,-0.22849967,-0.19428574,-0.09624187,0.0721119,0.18773131,0.09263199,-0.08773838,0.13209328,0.11431522,-0.39016542,0.04050466,0.05484792,0.23812895,0.14593573,0.08766529,-0.40253544,0.12259512,-0.10053066,0.03380031,-0.5867178,0.07448192,0.22625498,0.21095978,0.1412718,0.13777958,-0.12092874,0.100661986,-0.4523058,-0.1595888,0.010406636,-0.16977018,-0.05855218,-0.12774134,-0.020633828,-0.22396024,-0.09128212,-0.029848205,-0.123969644,-0.05591958,-0.0060000927,0.008205073,-0.2930125,0.18236266,-0.19122496,-0.16322267,-0.09486111
0.0063344603,-0.016639004,-0.17980434,-0.21357787,0.19573838,-0.18213257,0.021869734,0.35649195,0.24512838,-0.35313717,-0.11873292,-0.16741909,0.29132795,0.10550164,-0.077550076,-0.21376054,0.13090737,0.03738644,0.069615066,0.0030530046,0.22994281,-0.007952064,0.13457742,0.15169187,0.16253586,0.1458833,-0.029721687,0.20466776,-0.084119216,-0.04270886,-0.049107693,-0.09686373,0.25372037,-0.25620353,-0.051429138,0.03726885,-0.11352961,-0.03425912,0.15847953,0.02785391,0.012383188,0.17192745,0.13545609,-0.30361295,0.11078158,0.111188635,0.08841975,0.026768483,-0.007414485,-0.2863753,-0.010792636,-0.022756523,0.079028256,-0.27740294,0.09769689,0.09339051,0.06823624,0.042229485,0.032627072,-0.018816372,0.0106866285,-0.33900377,-0.05193312,-0.02642979,-0.041054435,-0.08379202,-0.008865794,-0.053385507,-0.08243522,-0.004497751,-0.07525566,-0.11255424,-0.21466893,-0.022814767,0.0756315,-0.1286877,0.086489275,-0.08222881,-0.13483793,0.033753842
-0.21388961,-0.04908019,0.24820793,0.27429837,-0.42674127,0.39406812,0.016646717,-0.6248877,-0.35313717,0.6433092,0.23869236,0.3411022,-0.44847196,-0.25082472,0.17702901,0.36202276,-0.3412612,0.0433289,-0.28060058,0.07912532,-0.4333586,-0.051887296,-0.24767284,-0.14320318,-0.26168784,-0.22066477,-0.061131764,-0.17841023,0.08363446,0.18070325,-0.038317144,0.08499251,-0.2078898,0.38448817,0.2599052,0.24670485,0.08030213,-0.09805318,-0.1766326,-0.10313953,0.109998606,-0.105102085,-0.09518956,0.37527668,-0.01379382,-0.03100417,-0.2598018,-0.16792311,-0.10833272,0.3957036,-0.15163197,0.11430662,-0.015770385,0.6212106,-0.05902327,-0.24386917,-0.23336506,-0.15737611,-0.15620308,0.14021686,-0.11829748,0.43916193,0.17643873,-0.020971855,0.19220093,0.044180483,0.15161183,0.007994772,0.24457327,0.10892307,0.01219043,0.11413195,-0.00055449543,1.000679e-05,0.01409329,0.31336582,-0.19299877,0.20506509,0.15451008,0.12539431
-0.10599353,-0.028659724,0.08165216,0.08666899,-0.16757214,0.15441102,0.013611068,-0.22862838,-0.11873292,0.23869236,0.09151176,0.13131529,-0.15557632,-0.100782506,0.0703906,0.13072012,-0.14014935,0.030743277,-0.124353684,0.040504593,-0.1626974,-0.027987922,-0.092226915,-0.035611507,-0.09256821,-0.075940505,-0.037854224,-0.040606808,0.021870486,0.080591075,-0.031034423,0.019497467,-0.043663826,0.1318362,0.11831139,0.13294265,0.013143975,-0.057500795,-0.05078748,-0.045165088,0.058260176,-0.011608129,-0.0153700365,0.115839,0.019627763,0.011074528,-0.10939046,-0.077989005,-0.056231506,0.1302396,-0.07880596,0.052000426,0.011020982,0.24574263,-0.006244177,-0.100190066,-0.100941196,-0.06898056,-0.070693225,0.06596899,-0.056900352,0.13946573,0.076235875,-0.016878441,0.08676709,0.0021172694,0.07408249,-0.008781248,0.103170656,0.05367214,-0.011915931,0.030382505,-0.051748294,-0.005465097,0.025217637,0.12665984,-0.07627456,0.08336123,0.045335904,0.07112276
-0.15635575,-0.042873126,0.11476878,0.1210824,-0.2411625,0.2221642,0.02081483,-0.32612798,-0.16741909,0.3411022,0.13131529,0.18852761,-0.22033979,-0.1454386,0.10145477,0.18614376,-0.20276183,0.046624396,-0.18142049,0.059927855,-0.23285146,-0.04159875,-0.13185716,-0.047675665,-0.13145344,-0.10743362,-0.056878988,-0.053333983,0.029573148,0.11765307,-0.04743504,0.025654173,-0.056256678,0.18641414,0.17308602,0.19757774,0.01572837,-0.08604597,-0.06987147,-0.06580823,0.08645732,-0.011563578,-0.01830448,0.16124548,0.032589044,0.0199684,-0.15870793,-0.11432719,-0.08329946,0.18307613,-0.11675355,0.07607012,0.018845037,0.35397524,-0.006050887,-0.14495678,-0.14688303,-0.10051891,-0.10336046,0.096830815,-0.08369965,0.19499502,0.110920556,-0.025789088,0.12682928,0.0004065886,0.10913824,-0.014704119,0.14971508,0.07913226,-0.02004445,0.04122281,-0.083407104,-0.008813226,0.03970441,0.18290874,-0.10985562,0.120461576,0.06258668,0.10615037
0.05131776,-0.0041528526,-0.2113779,-0.2466913,0.26358598,-0.24462031,0.01569393,0.44748598,0.29132795,-0.44847196,-0.15557632,-0.22033979,0.35238925,0.1465222,-0.10613249,-0.26561224,0.18822928,0.023648607,0.12129569,-0.014233367,0.29511434,0.0040953485,0.17144619,0.16417238,0.19905764,0.17562398,-0.013093439,0.21834095,-0.09194317,-0.07624439,-0.035039663,-0.10345373,0.26783064,-0.30778292,-0.10085922,-0.0199475,-0.117123134,-0.009192387,0.17729715,0.046579003,-0.012621521,0.17383955,0.13961071,-0.34755176,0.100480795,0.10451966,0.13340324,0.05947758,0.016639661,-0.3367443,0.02292525,-0.044479433,0.07294819,-0.3770705,0.098633625,0.13437222,0.10998033,0.07083378,0.062129054,-0.04655155,0.034706686,-0.39237157,-0.08345336,-0.018783614,-0.077246666,-0.08321776,-0.04022802,-0.04870975,-0.12487787,-0.027253315,-0.06886126,-0.12349905,-0.18887371,-0.020088023,0.06357128,-0.18030956,0.11741764,-0.1162472,-0.15175237,0.0029005606
0.15311559,0.046490878,-0.06943834,-0.06740178,0.19056107,-0.17510422,-0.025953252,0.23518933,0.10550164,-0.25082472,-0.100782506,-0.1454386,0.1465222,0.11799806,-0.08134314,-0.13171643,0.16847278,-0.055289444,0.16239202,-0.060030006,0.17395197,0.043100003,0.09743306,0.00996289,0.09017764,0.070500545,0.063553825,0.002569209,-0.008626081,-0.10591058,0.05896567,-0.001624125,-0.0065684887,-0.12157587,-0.15860708,-0.20458542,0.012281462,0.09351884,0.030254738,0.058267836,-0.088561244,-0.030721864,-0.015110035,-0.08505283,-0.05940373,-0.04701907,0.13531314,0.106529534,0.08421901,-0.11087503,0.118140586,-0.069669016,-0.038021337,-0.2821307,-0.017971989,0.12049138,0.12856527,0.089078814,0.09424445,-0.09117196,0.08017606,-0.109759584,-0.09698868,0.03199208,-0.1153935,0.020145588,-0.10578673,0.02763688,-0.12788485,-0.0771756,0.03828268,-0.013177121,0.1351492,0.014312868,-0.057822704,-0.1493782,0.08746125,-0.098997556,-0.028846022,-0.11328243
-0.10137721,-0.030187933,0.051631834,0.05136596,-0.13217595,0.12152745,0.016449979,-0.16680484,-0.077550076,0.17702901,0.0703906,0.10145477,-0.10613249,-0.08134314,0.056228854,0.0938692,-0.115507774,0.035338435,-0.10953008,0.039568607,-0.1222947,-0.02822508,-0.06868397,-0.011433214,-0.064783685,-0.05124916,-0.04104438,-0.008241454,0.008389404,0.07134839,-0.03739283,0.004170177,-0.003771851,0.0885256,0.106447645,0.13399298,-0.0044854092,-0.060699385,-0.025058543,-0.03939239,0.058122974,0.014803194,0.0056534065,0.06590797,0.0357104,0.027513936,-0.092238314,-0.07124772,-0.055412605,0.082419455,-0.07771906,0.04676301,0.02259673,0.19529372,0.008751772,-0.082603425,-0.08713419,-0.06021109,-0.06331739,0.0608456,-0.053319875,0.083365075,0.06574797,-0.020294476,0.07756156,-0.010632604,0.0701845,-0.016554829,0.087138556,0.051139377,-0.02289004,0.012305755,-0.082439415,-0.008728109,0.035789546,0.10281961,-0.060557347,0.068044014,0.023371818,0.07377479
-0.08780362,-0.014843953,0.15244709,0.17283182,-0.22885777,0.2117402,0.00027789295,-0.35560396,-0.21376054,0.36202276,0.13072012,0.18614376,-0.26561224,-0.13171643,0.0938692,0.2081354,-0.17550407,0.0064507276,-0.13316087,0.030899696,-0.24154396,-0.01851854,-0.13897362,-0.10201205,-0.15280136,-0.13143541,-0.015851356,-0.1316893,0.058266506,0.08513175,-0.0010007317,0.06254833,-0.15791498,0.22960496,0.11951362,0.08820716,0.06554927,-0.029357214,-0.11743472,-0.04960975,0.040570237,-0.09263416,-0.077959284,0.23980181,-0.038018838,-0.045053754,-0.13031603,-0.07532335,-0.041357435,0.24295661,-0.057765927,0.05260267,-0.029504443,0.33094114,-0.052357424,-0.12537107,-0.11377616,-0.075617746,-0.07233139,0.061859034,-0.050667964,0.2758476,0.08612229,-0.00067905127,0.08926682,0.042316917,0.06352079,0.018862711,0.12244241,0.045086775,0.026959972,0.07885708,0.062708326,0.006692269,-0.01650864,0.16364424,-0.102906846,0.106506445,0.10161466,0.040491745
0.2356892,0.07399074,-0.08374432,-0.07618109,0.2687586,-0.2466619,-0.0429504,0.31667045,0.13090737,-0.3412612,-0.14014935,-0.20276183,0.18822928,0.16847278,-0.115507774,-0.17550407,0.24311821,-0.09029549,0.24174185,-0.09312768,0.23862879,0.067616664,0.13290311,-0.00445053,0.11803891,0.08982173,0.10205899,-0.022800418,-0.0023225192,-0.15801409,0.09750722,0.010160297,-0.043331154,-0.1542887,-0.23827384,-0.32089767,0.033820037,0.14893942,0.02600652,0.08636325,-0.13842021,-0.06994296,-0.041057162,-0.09167074,-0.1062504,-0.087173045,0.19745357,0.16105507,0.1310629,-0.13381286,0.1839034,-0.10464136,-0.069067895,-0.39952505,-0.04053939,0.17390826,0.18967001,0.13207677,0.14131205,-0.1383723,0.122450255,-0.12520641,-0.14302596,0.052875,-0.17287874,0.04207829,-0.16224921,0.049673136,-0.18676183,-0.1186249,0.06897817,-0.0056334184,0.23684216,0.0250931,-0.099210806,-0.21391311,0.12378924,-0.14216661,-0.026922628,-0.17940216
-0.14691524,-0.05529523,-0.035239063,-0.056686245,-0.074690044,0.06732426,0.038111597,-0.026022794,0.03738644,0.0433289,0.030743277,0.046624396,0.023648607,-0.055289444,0.035338435,0.0064507276,-0.09029549,0.07589207,-0.11960419,0.060786657,-0.038665254,-0.046959534,-0.018327467,0.077537395,0.004903578,0.0146650905,-0.07960577,0.11530779,-0.039948054,0.07955546,-0.08625532,-0.054170694,0.15253437,-0.0279566,0.12635264,0.22263066,-0.077439494,-0.111683436,0.061491825,-0.041259713,0.094213806,0.129194,0.09284471,-0.09116579,0.12219381,0.11025004,-0.08215039,-0.08934151,-0.08708333,-0.05584991,-0.122384146,0.05540551,0.08288653,0.11771555,0.0739197,-0.06471396,-0.08713538,-0.06328038,-0.07388831,0.078818336,-0.07268638,-0.087246746,0.06547163,-0.0466751,0.08983275,-0.06805155,0.09891828,-0.057911847,0.07829147,0.0732991,-0.08097151,-0.051843908,-0.2564876,-0.027209418,0.10040206,0.072797276,-0.036207926,0.050004743,-0.049265783,0.13082655
0.2761596,0.09315428,-0.03656312,-0.01592084,0.2495458,-0.22816634,-0.058308315,0.25039497,0.069615066,-0.28060058,-0.124353684,-0.18142049,0.12129569,0.16239202,-0.10953008,-0.13316087,0.24174185,-0.11960419,0.26136744,-0.11104507,0.20210235,0.08261439,0.11030209,-0.05785049,0.08305333,0.055501755,0.13083972,-0.09788994,0.026422676,-0.17181137,0.13218543,0.045584,-0.13914476,-0.093389146,-0.26357704,-0.3919114,0.0793052,0.1877801,-0.024233224,0.0923401,-0.16777183,-0.14221501,-0.09545477,-0.0029977881,-0.1638948,-0.14150503,0.20254178,0.18092968,0.15735987,-0.058745477,0.22093733,-0.11569444,-0.10897173,-0.37567028,-0.08175147,0.17301062,0.20034714,0.14134483,0.1555813,-0.1568978,0.14091212,-0.030333772,-0.15091173,0.071610615,-0.18994059,0.0787479,-0.18854718,0.07717515,-0.19198945,-0.13854006,0.10755774,0.032371335,0.35414714,0.03754598,-0.14339368,-0.20801936,0.11621136,-0.13939276,0.014954311,-0.2235823
-0.12700984,-0.045546833,-0.008956202,-0.023381665,-0.08740657,0.079462536,0.03015882,-0.06465045,0.0030530046,0.07912532,0.040504593,0.059927855,-0.014233367,-0.060030006,0.039568607,0.030899696,-0.09312768,0.060786657,-0.11104507,0.0518777,-0.06050427,-0.039413597,-0.03171394,0.048641905,-0.01506565,-0.004701338,-0.06488738,0.07481773,-0.02435312,0.07343575,-0.06830244,-0.035064273,0.10099156,0.0063646855,0.114687465,0.18690725,-0.053084515,-0.09191659,0.03404725,-0.038762446,0.07949814,0.0906351,0.06372283,-0.04233344,0.09187219,0.08155947,-0.081087984,-0.07995502,-0.07395962,-0.014027798,-0.103896305,0.050314646,0.06185818,0.13406947,0.05193767,-0.06669281,-0.08297793,-0.05939214,-0.06736953,0.06996818,-0.063734055,-0.034767415,0.06242632,-0.03697736,0.08207177,-0.048543975,0.08606167,-0.043436732,0.077061765,0.06352651,-0.06065992,-0.031203454,-0.19496085,-0.020677425,0.077313885,0.07782648,-0.0413762,0.052727766,-0.026344566,0.108428046
0.16129366,0.03981431,-0.16045503,-0.17501701,0.29343712,-0.2707564,-0.016017877,0.41886273,0.22994281,-0.4333586,-0.1626974,-0.23285146,0.29511434,0.17395197,-0.1222947,-0.24154396,0.23862879,-0.038665254,0.20210235,-0.06050427,0.29315835,0.040598165,0.16705601,0.08514483,0.17335743,0.14481376,0.05098455,0.10364845,-0.050419815,-0.13048019,0.03667887,-0.049475666,0.11841451,-0.25201252,-0.18921857,-0.19294551,-0.043335114,0.07969928,0.10945566,0.07393514,-0.08537291,0.05310299,0.05123295,-0.23767881,-0.0066980557,0.006296127,0.18340923,0.1232537,0.08333923,-0.25584704,0.11671314,-0.08319719,-0.000278971,-0.4283261,0.02964408,0.17055126,0.16647905,0.11285649,0.11345421,-0.10346536,0.08809497,-0.28066462,-0.12581567,0.02000578,-0.13945962,-0.020537326,-0.11365221,0.0022054198,-0.17278273,-0.081941575,0.0024105443,-0.069152445,0.033679064,0.0035270688,-0.02240987,-0.21780883,0.1330258,-0.1428404,-0.096334375,-0.100364335
0.096177004,0.03492476,0.010926854,0.022643564,0.061787058,-0.05607527,-0.023374962,0.040832594,-0.007952064,-0.051887296,-0.027987922,-0.04159875,0.0040953485,0.043100003,-0.02822508,-0.01851854,0.067616664,-0.046959534,0.08261439,-0.039413597,0.040598165,0.030073635,0.020956859,-0.04037755,0.007688104,0.00021086344,0.049893223,-0.06144714,0.020403413,-0.054710664,0.052928936,0.028819675,-0.082425006,0.0010644774,-0.085794926,-0.14260511,0.042869233,0.07049617,-0.029465228,0.028756453,-0.060575143,-0.07268997,-0.051441386,0.0390867,-0.07222213,-0.06441045,0.059462905,0.060021345,0.05626054,0.017223677,0.079041824,-0.03763471,-0.048729714,-0.095297754,-0.04163541,0.04843148,0.061360337,0.04407119,0.05034195,-0.052630305,0.04808937,0.03416253,-0.046149142,0.028650913,-0.061298158,0.03874193,-0.06506422,0.034169465,-0.056547087,-0.048074283,0.047734216,0.026252482,0.15279214,0.016206123,-0.06037302,-0.056063462,0.029390376,-0.038097233,0.023079973,-0.083006635
0.08533584,0.020068403,-0.09438771,-0.10390911,0.16533095,-0.15263534,-0.007243272,0.24021825,0.13457742,-0.24767284,-0.092226915,-0.13185716,0.17144619,0.09743306,-0.06868397,-0.13897362,0.13290311,-0.018327467,0.11030209,-0.03171394,0.16705601,0.020956859,0.095390715,0.053166557,0.10024119,0.08428953,0.025238253,0.065815814,-0.03117103,-0.07109027,0.016639307,-0.031371027,0.07628095,-0.14681257,-0.10251806,-0.09962756,-0.02904753,0.04012035,0.06634794,0.040482454,-0.044307146,0.03739047,0.034409083,-0.14185448,0.0025335618,0.00940276,0.10148143,0.06641008,0.043507487,-0.15048434,0.060908046,-0.045083858,0.004178107,-0.24087627,0.020966927,0.094978325,0.09145594,0.061777722,0.061567146,-0.055547964,0.04700404,-0.16644153,-0.06913726,0.0090950215,-0.07573119,-0.015407385,-0.060371056,-0.0017596257,-0.095554575,-0.04342297,-0.0028484638,-0.042597868,0.00599772,0.0006098704,-0.007669049,-0.12181115,0.07482764,-0.079766005,-0.05814019,-0.051036872
-0.11069753,-0.051187057,-0.11732529,-0.15085576,0.040100068,-0.038997747,0.04048723,0.15829596,0.15169187,-0.14320318,-0.035611507,-0.047675665,0.16417238,0.00996289,-0.011433214,-0.10201205,-0.00445053,0.077537395,-0.05785049,0.048641905,0.08514483,-0.04037755,0.053166557,0.13603567,0.08516851,0.08439778,-0.07657866,0.19183065,-0.07307364,0.040279835,-0.091437414,-0.09047719,0.24524009,-0.14992751,0.072185114,0.19121027,-0.116855174,-0.103712395,0.12699732,-0.01803481,0.0792209,0.18620306,0.13977192,-0.22265255,0.15016691,0.1411135,-0.019407505,-0.05584464,-0.07120692,-0.18665107,-0.10025845,0.03155053,0.10380507,-0.0476351,0.106201015,-0.00340473,-0.03337536,-0.027905595,-0.040934525,0.05166946,-0.050986677,-0.23733222,0.024746163,-0.049407322,0.04907362,-0.094691835,0.0722296,-0.07161096,0.019412545,0.054559823,-0.100432195,-0.09652868,-0.30626073,-0.03251045,0.115680255,-0.008000502,0.015234403,-0.0024081338,-0.105686024,0.11829658
0.046097506,0.0039143795,-0.117007494,-0.13478456,0.15940613,-0.14770983,0.0046483744,0.2591541,0.16253586,-0.26168784,-0.09256821,-0.13145344,0.19905764,0.09017764,-0.064783685,-0.15280136,0.11803891,0.004903578,0.08305333,-0.01506565,0.17335743,0.007688104,0.10024119,0.08516851,0.11340577,0.098878875,0.0015620057,0.11188306,-0.048093338,-0.052703645,-0.010245922,-0.05306495,0.13598076,-0.1730296,-0.07212101,-0.036753055,-0.05824319,0.0074454886,0.09450845,0.031362116,-0.017946463,0.084825195,0.06936476,-0.18860544,0.043622658,0.04729403,0.085723296,0.04421791,0.01943555,-0.18643653,0.027050978,-0.031769704,0.032332506,-0.22927368,0.04805816,0.084293984,0.07288053,0.047754064,0.04397753,-0.035620134,0.028141009,-0.21471143,-0.05522832,-0.005442839,-0.054446902,-0.039900046,-0.03428695,-0.02129743,-0.080403276,-0.023943555,-0.030210577,-0.064805984,-0.078947954,-0.008404603,0.024971008,-0.11151366,0.07134356,-0.07224337,-0.08127483,-0.013225926
0.019749848,-0.004201415,-0.10616242,-0.12450113,0.12778677,-0.11866936,0.009257445,0.22084649,0.1458833,-0.22066477,-0.075940505,-0.10743362,0.17562398,0.070500545,-0.05124916,-0.13143541,0.08982173,0.0146650905,0.055501755,-0.004701338,0.14481376,0.00021086344,0.08428953,0.08439778,0.098878875,0.08763916,-0.009575938,0.11271697,-0.047131486,-0.03471796,-0.020714095,-0.053389277,0.1386954,-0.15367597,-0.04510827,-0.0012633597,-0.06106789,-0.008884779,0.090283066,0.021494277,-0.0026070205,0.0911921,0.07281368,-0.17584175,0.054551028,0.056090634,0.06295566,0.026026124,0.004875419,-0.16911525,0.006623901,-0.019905249,0.039377872,-0.18238308,0.051764775,0.06411166,0.05114988,0.03266609,0.027939435,-0.020025393,0.014390533,-0.19791067,-0.038837727,-0.011121057,-0.034816656,-0.043894514,-0.016111502,-0.026393238,-0.058878463,-0.010671557,-0.037277453,-0.06323719,-0.10357796,-0.011013525,0.035407655,-0.086573295,0.05681043,-0.055695564,-0.07714475,0.006507147
0.15740058,0.05844499,0.030160576,0.05168534,0.08808296,-0.079634994,-0.03984694,0.042762265,-0.029721687,-0.061131764,-0.037854224,-0.056878988,-0.013093439,0.063553825,-0.04104438,-0.015851356,0.10205899,-0.07960577,0.13083972,-0.06488738,0.05098455,0.049893223,0.025238253,-0.07657866,0.0015620057,-0.009575938,0.083898805,-0.114758,0.039204255,-0.08687825,0.09019907,0.053882565,-0.15251997,0.019172058,-0.13729602,-0.23655707,0.07807211,0.118017904,-0.059132636,0.045296386,-0.10024914,-0.1309813,-0.093630746,0.08479294,-0.12605482,-0.11326314,0.09156798,0.0966775,0.09283072,0.04774221,0.13044573,-0.060212754,-0.085342914,-0.13752146,-0.074970506,0.07312676,0.0960545,0.06945093,0.080394655,-0.085089274,0.07819029,0.07911916,-0.07220098,0.04881519,-0.097801186,0.06927645,-0.10617074,0.05970476,-0.087189995,-0.07858646,0.08345267,0.05073683,0.26534006,0.028146783,-0.10421915,-0.08325057,0.042348713,-0.056926876,0.047046166,-0.13851385
-0.17188296,-0.077099614,-0.15948977,-0.20721252,0.038179677,-0.038130492,0.05992402,0.20133214,0.20466776,-0.17841023,-0.040606808,-0.053333983,0.21834095,0.002569209,-0.008241454,-0.1316893,-0.022800418,0.11530779,-0.09788994,0.07481773,0.10364845,-0.06144714,0.065815814,0.19183065,0.11188306,0.11271697,-0.114758,0.27163377,-0.10272423,0.067457475,-0.13536844,-0.12807608,0.34822655,-0.20059353,0.11783615,0.29103386,-0.16682339,-0.15614858,0.17703399,-0.031265195,0.12095099,0.26691672,0.19958064,-0.30724353,0.21864977,0.20460582,-0.040753078,-0.08957836,-0.10916754,-0.2536901,-0.15366358,0.051537406,0.15084703,-0.03989504,0.1522801,-0.016621057,-0.059889402,-0.04827148,-0.06724333,0.08215738,-0.08011322,-0.32563064,0.04456789,-0.07315781,0.0808494,-0.13618071,0.11272837,-0.1042011,0.04003302,0.08488377,-0.14609216,-0.135522,-0.44729966,-0.04747884,0.1696164,0.003284072,0.013030017,0.006278242,-0.14696698,0.17875378
0.05496122,0.026093122,0.06472201,0.08260799,-0.026779197,0.02575774,-0.020940877,-0.091274336,-0.084119216,0.08363446,0.021870486,0.029573148,-0.09194317,-0.008626081,0.008389404,0.058266506,-0.0023225192,-0.039948054,0.026422676,-0.02435312,-0.050419815,0.020403413,-0.03117103,-0.07307364,-0.048093338,-0.047131486,0.039204255,-0.10272423,0.03934405,-0.018597333,0.047283586,0.048461534,-0.13104957,0.08362391,-0.034199107,-0.096608095,0.062188666,0.05288739,-0.06880363,0.008023843,-0.039919917,-0.09878324,-0.07437291,0.12152076,-0.07869871,-0.07419985,0.0066071465,0.026909092,0.035752717,0.10297664,0.050351623,-0.014938037,-0.054486584,0.03336815,-0.056328516,-0.0015424138,0.014270044,0.012445599,0.019273411,-0.025103685,0.025045339,0.130066,-0.010534064,0.025545586,-0.023038283,0.050109025,-0.035697762,0.03754881,-0.0068172542,-0.02704118,0.05267439,0.052022394,0.16011274,0.01699736,-0.06028834,0.008452161,-0.010594326,0.004052847,0.057360187,-0.060139842
-0.1824408,-0.061793994,0.021743527,0.0076450673,-0.16229855,0.14835124,0.038833223,-0.16069384,-0.04270886,0.18070325,0.080591075,0.11765307,-0.07624439,-0.10591058,0.07134839,0.08513175,-0.15801409,0.07955546,-0.17181137,0.07343575,-0.13048019,-0.054710664,-0.07109027,0.040279835,-0.052703645,-0.03471796,-0.08687825,0.067457475,-0.018597333,0.11298231,-0.088028885,-0.03143362,0.095385544,0.058272976,0.17351681,0.2595338,-0.053946014,-0.124573804,0.018152148,-0.06065637,0.111054696,0.09631275,0.06491541,-0.0021094726,0.10981801,0.0950251,-0.1326775,-0.11922378,-0.10410603,0.03496891,-0.14617272,0.076160975,0.07308907,0.24455947,0.055349536,-0.113092065,-0.13149892,-0.09285208,-0.102390975,0.10344719,-0.09299108,0.015481238,0.099044524,-0.04768675,0.124987006,-0.053176988,0.12449974,-0.05172779,0.12578364,0.091506675,-0.07210367,-0.022912195,-0.23696399,-0.025123207,0.0957943,0.13575532,-0.0756439,0.09102292,-0.011700759,0.14823027
0.16467994,0.06253657,0.044791624,0.06984475,0.07810321,-0.07023456,-0.043406148,0.018798748,-0.049107693,-0.038317144,-0.031034423,-0.04743504,-0.035039663,0.05896567,-0.03739283,-0.0010007317,0.09750722,-0.08625532,0.13218543,-0.06830244,0.03667887,0.052928936,0.016639307,-0.091437414,-0.010245922,-0.020714095,0.09019907,-0.13536844,0.047283586,-0.088028885,0.09822676,0.063615814,-0.1785747,0.038848955,-0.14028908,-0.25091845,0.090213865,0.12632827,-0.073629536,0.045487817,-0.106085874,-0.14999576,-0.10814112,0.11116435,-0.14035591,-0.12696476,0.08960689,0.09947574,0.09793922,0.07103066,0.13765153,-0.06151065,-0.095319554,-0.12400222,-0.085802,0.06989508,0.09578994,0.069779366,0.081963554,-0.087898955,0.08125506,0.107799284,-0.07195515,0.053148985,-0.0996101,0.07881111,-0.11074501,0.06654523,-0.08545114,-0.08212326,0.09306047,0.06146264,0.29408893,0.031199561,-0.11487594,-0.07793591,0.03810768,-0.053714473,0.059219833,-0.14779547
0.080501914,0.036187477,0.07543751,0.09793022,-0.018667247,0.018589975,-0.02816156,-0.0957448,-0.09686373,0.08499251,0.019497467,0.025654173,-0.10345373,-0.001624125,0.004170177,0.06254833,0.010160297,-0.054170694,0.045584,-0.035064273,-0.049475666,0.028819675,-0.031371027,-0.09047719,-0.05306495,-0.053389277,0.053882565,-0.12807608,0.048461534,-0.03143362,0.063615814,0.06038966,-0.16415526,0.0949991,-0.055001274,-0.13649787,0.0786092,0.073292136,-0.083572,0.014536739,-0.056714885,-0.12573564,-0.09404335,0.14515357,-0.10287891,-0.09630094,0.01874044,0.04186078,0.051174536,0.11999507,0.07203439,-0.024054581,-0.07098677,0.019796347,-0.07173257,0.007414781,0.027786244,0.022446893,0.03137347,-0.03841574,0.03749045,0.15390895,-0.02067309,0.03437976,-0.03771433,0.06413459,-0.052777905,0.049030967,-0.018426945,-0.03975012,0.068744086,0.06394061,0.21041538,0.022334758,-0.07976668,-0.0010257328,-0.0064492463,-0.002613652,0.069391385,-0.083880655
-0.23328467,-0.10278686,-0.19878253,-0.2601697,0.033045262,-0.034274295,0.07903781,0.2386002,0.25372037,-0.2078898,-0.043663826,-0.056256678,0.26783064,-0.0065684887,-0.003771851,-0.15791498,-0.043331154,0.15253437,-0.13914476,0.10099156,0.11841451,-0.082425006,0.07628095,0.24524009,0.13598076,0.1386954,-0.15251997,0.34822655,-0.13104957,0.095385544,-0.1785747,-0.16415526,0.44724065,-0.24715036,0.16441458,0.3904295,-0.21502127,-0.20811917,0.22456318,-0.044976745,0.16255462,0.34495866,0.2572775,-0.38701007,0.2854414,0.26639104,-0.06358811,-0.12381311,-0.14707628,-0.31615514,-0.20698978,0.071934246,0.19667916,-0.027590813,0.19684143,-0.03139345,-0.08757136,-0.06936743,-0.094135605,0.11300992,-0.109468535,-0.40853095,0.06527784,-0.09651842,0.113356926,-0.17637146,0.15344696,-0.13597548,0.06204348,0.1153372,-0.19060166,-0.17274082,-0.58507663,-0.06210052,0.22241111,0.016700104,0.009402995,0.016329288,-0.18611214,0.23876838
-0.030046975,0.009033305,0.18668996,0.21940792,-0.22114308,0.20542699,-0.01734885,-0.38533404,-0.25620353,0.38448817,0.1318362,0.18641414,-0.30778292,-0.12157587,0.0885256,0.22960496,-0.1542887,-0.0279566,-0.093389146,0.0063646855,-0.25201252,0.0010644774,-0.14681257,-0.14992751,-0.1730296,-0.15367597,0.019172058,-0.20059353,0.08362391,0.058272976,0.038848955,0.0949991,-0.24715036,0.26954046,0.075011216,-0.0045855674,0.109134525,0.018942606,-0.15972766,-0.03632142,0.0016828228,-0.16338322,-0.13014103,0.3102242,-0.0991063,-0.10143363,-0.10756461,-0.042777505,-0.0058665075,0.29738575,-0.007846212,0.03311145,-0.07137792,0.31528625,-0.09276153,-0.110117905,-0.086771235,-0.05518218,-0.04659435,0.032606974,-0.02294212,0.3486899,0.06590581,0.020868538,0.058131892,0.07882207,0.025150497,0.047913365,0.1005538,0.016421158,0.06764709,0.11214619,0.18892352,0.02008646,-0.06497093,0.14914316,-0.098222405,0.0958521,0.13638349,-0.01536978
-0.284064,-0.0973763,0.022780951,-0.0012897962,-0.24094425,0.22003958,0.06190014,-0.22849967,-0.051429138,0.2599052,0.11831139,0.17308602,-0.10085922,-0.15860708,0.106447645,0.11951362,-0.23827384,0.12635264,-0.26357704,0.114687465,-0.18921857,-0.085794926,-0.10251806,0.072185114,-0.07212101,-0.04510827,-0.13729602,0.11783615,-0.034199107,0.17351681,-0.14028908,-0.055001274,0.16441458,0.075011216,0.2673609,0.4069617,-0.09113265,-0.19635035,0.038104158,-0.092850685,0.17391877,0.16080138,0.10959192,-0.022067405,0.17807649,0.15503703,-0.2013977,-0.18423422,-0.16277732,0.036810145,-0.22857527,0.11734024,0.118845984,0.36415187,0.09234173,-0.1705533,-0.20080844,-0.14216006,-0.1576267,0.16012771,-0.1443277,0.003170549,0.15121496,-0.0759863,0.19233647,-0.088094346,0.1935676,-0.08395417,0.19101915,0.14239605,-0.11707624,-0.0426854,-0.38274378,-0.040582377,0.15403715,0.20370597,-0.112592176,0.13683416,-0.026583133,0.23320349
-0.4561157,-0.16559511,-0.051494263,-0.10699793,-0.29336873,0.26625693,0.11081258,-0.19428574,0.03726885,0.24670485,0.13294265,0.19757774,-0.0199475,-0.20458542,0.13399298,0.08820716,-0.32089767,0.22263066,-0.3919114,0.18690725,-0.19294551,-0.14260511,-0.09962756,0.19121027,-0.036753055,-0.0012633597,-0.23655707,0.29103386,-0.096608095,0.2595338,-0.25091845,-0.13649787,0.3904295,-0.0045855674,0.4069617,0.6762149,-0.20309559,-0.3342551,0.13944808,-0.13642322,0.2872457,0.3444103,0.2437081,-0.18481435,0.34230202,0.30525562,-0.28215307,-0.28469008,-0.26679334,-0.08116355,-0.37482387,0.17851776,0.23095028,0.45243534,0.19727296,-0.22984724,-0.2911149,-0.2090769,-0.23879763,0.24962488,-0.22807552,-0.16139837,0.21894877,-0.13582471,0.29077095,-0.1835762,0.3085728,-0.16194691,0.26831445,0.22799282,-0.2262361,-0.12429504,-0.7242051,-0.07681379,0.28617296,0.26610443,-0.13953537,0.18081856,-0.10920969,0.3935849
0.123740315,0.052897915,0.089970075,0.1195712,-0.001103644,0.0028892192,-0.039917752,-0.09624187,-0.11352961,0.08030213,0.013143975,0.01572837,-0.117123134,0.012281462,-0.0044854092,0.06554927,0.033820037,-0.077439494,0.0793052,-0.053084515,-0.043335114,0.042869233,-0.02904753,-0.116855174,-0.05824319,-0.06106789,0.07807211,-0.16682339,0.062188666,-0.053946014,0.090213865,0.0786092,-0.21502127,0.109134525,-0.09113265,-0.20309559,0.10408244,0.10705829,-0.10536754,0.0260814,-0.08482023,-0.16783214,-0.12456895,0.1790426,-0.14150494,-0.13140935,0.040970042,0.06762881,0.07706024,0.14305979,0.10842188,-0.039893452,-0.09727671,-0.0085983835,-0.095803075,0.02438136,0.05195112,0.04016429,0.052443743,-0.0612588,0.058709335,0.18745294,-0.038814858,0.048769392,-0.06329956,0.08615312,-0.08178481,0.06735742,-0.03965436,-0.061291978,0.09438194,0.08183315,0.29108235,0.030893246,-0.11115097,-0.019569224,0.0022579425,-0.015492793,0.087034024,-0.123288125
0.22340885,0.08234363,0.036983643,0.06642042,0.1312067,-0.11878907,-0.05580197,0.0721119,-0.03425912,-0.09805318,-0.057500795,-0.08604597,-0.009192387,0.09351884,-0.060699385,-0.029357214,0.14893942,-0.111683436,0.1877801,-0.09191659,0.07969928,0.07049617,0.04012035,-0.103712395,0.0074454886,-0.008884779,0.118017904,-0.15614858,0.05288739,-0.124573804,0.12632827,0.073292136,-0.20811917,0.018942606,-0.19635035,-0.3342551,0.10705829,0.16625516,-0.07875428,0.06512979,-0.14176178,-0.18020794,-0.12841591,0.11047194,-0.17518954,-0.15703695,0.13269517,0.13795686,0.13140184,0.05848614,0.18463385,-0.0861182,-0.11847906,-0.20394196,-0.10316949,0.1067042,0.13840786,0.09984522,0.11505518,-0.12126805,0.11122319,0.10128724,-0.104057245,0.06837283,-0.14001006,0.09554239,-0.15084283,0.08294755,-0.12629429,-0.111585826,0.11591996,0.06832634,0.3693626,0.039179917,-0.1453562,-0.122196324,0.062836684,-0.08337244,0.062375616,-0.1953361
-0.07453502,-0.0388092,-0.12040216,-0.15090215,0.070960924,-0.067184396,0.03263001,0.18773131,0.15847953,-0.1766326,-0.05078748,-0.06987147,0.17729715,0.030254738,-0.025058543,-0.11743472,0.02600652,0.061491825,-0.024233224,0.03404725,0.10945566,-0.029465228,0.06634794,0.12699732,0.09450845,0.090283066,-0.059132636,0.17703399,-0.06880363,0.018152148,-0.073629536,-0.083572,0.22456318,-0.15972766,0.038104158,0.13944808,-0.10536754,-0.07875428,0.12230358,-0.0061891214,0.057096362,0.16590542,0.12595637,-0.22014306,0.12761018,0.12148969,0.0063139824,-0.03236853,-0.05049559,-0.19161867,-0.071175545,0.016592784,0.08875602,-0.09425858,0.09454388,0.01839572,-0.007748773,-0.009769532,-0.020839302,0.03126952,-0.03260581,-0.23806997,0.0054480075,-0.03976168,0.024552155,-0.08356161,0.04758317,-0.060977723,-0.0049820417,0.03643092,-0.085604675,-0.09120655,-0.2577559,-0.027367529,0.09614864,-0.03405549,0.029650634,-0.019905737,-0.102435395,0.08864722
0.09659922,0.032314826,-0.015363803,-0.008635843,0.09002298,-0.0823559,-0.020062143,0.09263199,0.02785391,-0.10313953,-0.045165088,-0.06580823,0.046579003,0.058267836,-0.03939239,-0.04960975,0.08636325,-0.041259713,0.0923401,-0.038762446,0.07393514,0.028756453,0.040482454,-0.01803481,0.031362116,0.021494277,0.045296386,-0.031265195,0.008023843,-0.06065637,0.045487817,0.014536739,-0.044976745,-0.03632142,-0.092850685,-0.13642322,0.0260814,0.06512979,-0.0061891214,0.032670274,-0.058452256,-0.04722619,-0.031409718,-0.005414738,-0.05568203,-0.04785173,0.07205307,0.063613616,0.05488511,-0.024648659,0.07705461,-0.04075848,-0.03694507,-0.13527371,-0.027164022,0.06180446,0.0709958,0.050002486,0.054839514,-0.055100933,0.049397558,-0.01547676,-0.05348536,0.02464524,-0.0669681,0.026314382,-0.06601815,0.026202122,-0.06827932,-0.04847959,0.036505196,0.009693687,0.12067425,0.01279284,-0.049023196,-0.0745465,0.041855842,-0.049895648,0.0032865233,-0.07764867
-0.19419739,-0.07023569,-0.019363677,-0.042505093,-0.12762447,0.11589359,0.046847887,-0.08773838,0.012383188,0.109998606,0.058260176,0.08645732,-0.012621521,-0.088561244,0.058122974,0.040570237,-0.13842021,0.094213806,-0.16777183,0.07949814,-0.08537291,-0.060575143,-0.044307146,0.0792209,-0.017946463,-0.0026070205,-0.10024914,0.12095099,-0.039919917,0.111054696,-0.106085874,-0.056714885,0.16255462,0.0016828228,0.17391877,0.2872457,-0.08482023,-0.14176178,0.057096362,-0.058452256,0.12206646,0.14413065,0.10179252,-0.07434399,0.1441008,0.12832932,-0.121329114,-0.12153425,-0.113433115,-0.030478204,-0.15935937,0.07629397,0.09716366,0.1964763,0.0825669,-0.099140026,-0.124856666,-0.08957514,-0.10208708,0.10649888,-0.09721288,-0.063876905,0.09391392,-0.057427526,0.12432472,-0.07693527,0.13144399,-0.06816188,0.11535497,0.09708989,-0.09521098,-0.051299196,-0.30515224,-0.03236574,0.12071276,0.11507057,-0.060608428,0.07811674,-0.04456328,0.16701773
-0.21250612,-0.08906794,-0.13757667,-0.18517183,-0.016084015,0.01177656,0.066357076,0.13209328,0.17192745,-0.105102085,-0.011608129,-0.011563578,0.17383955,-0.030721864,0.014803194,-0.09263416,-0.06994296,0.129194,-0.14221501,0.0906351,0.05310299,-0.07268997,0.03739047,0.18620306,0.084825195,0.0911921,-0.1309813,0.26691672,-0.09878324,0.09631275,-0.14999576,-0.12573564,0.34495866,-0.16338322,0.16080138,0.3444103,-0.16783214,-0.18020794,0.16590542,-0.04722619,0.14413065,0.27165082,0.20090498,-0.2787581,0.23217632,0.21484865,-0.07828691,-0.118282884,-0.13129672,-0.21871488,-0.18469818,0.07041339,0.15934445,0.040199324,0.1551063,-0.05033268,-0.0952403,-0.07266539,-0.092814095,0.106643036,-0.10153014,-0.28991225,0.07124534,-0.08109815,0.11218022,-0.13985611,0.14088325,-0.11045775,0.07548406,0.10538501,-0.15473312,-0.12981634,-0.47881103,-0.05081444,0.18341817,0.04533241,-0.011809179,0.034084678,-0.13667738,0.20805046
