0.27274176,0.13818175,0.07942011,0.13452712,-0.049426876,-0.014934078,-0.07689609,0.17458706,-0.033874355,-0.123494044,-0.044874236,-0.07667989,-0.06520327,0.06392189,0.023657233,0.31233385,0.25803766,-0.16308889,0.3179679,0.09351647,0.08527206,0.1502715,0.14928964,-0.3451818,0.09823958,0.060815096,0.23233403,-0.3436865,0.064055085,-0.11018335,0.28332576,0.0699851,-0.24475603,-0.0035588597,-0.19689547,-0.0723746,0.0773313,0.22415987,-0.07945243,0.09503227,-0.14675201,-0.16026625,-0.13302493,-0.30770823,-0.17598501,-0.32209802,0.03901019,0.00935796,0.1375245,0.0875078,0.15508425,0.051625203,-0.101951785,0.04020816,-0.288754,-0.08513719,0.20800933,0.23625754,0.17886837,-0.18058588,0.15154654,-0.18021245,-0.15871184,0.1011925,-0.12853445,0.10413661,-0.19560945,0.16205847,-0.16637626,-0.27850056,0.25714946,0.046870045,0.381651,0.036137793,-0.20663673,-0.23482195,-0.058123928,0.060302477,-0.10004042,-0.11887644
0.13818175,0.09807176,0.101276785,0.1569341,-0.15224378,0.1280511,-0.054038677,0.006989537,-0.07162636,0.028237347,0.063794434,0.08194384,-0.12854958,-0.015838424,0.07027791,0.07444828,0.09010007,-0.0869891,0.12420749,0.09688328,-0.0009636771,0.11067957,0.053464882,-0.21126877,-0.03630743,-0.05601141,0.13276313,-0.19947413,0.046149693,-0.040067986,0.2143163,0.057077866,-0.13874668,0.05464751,-0.0841128,-0.038265772,0.07240964,0.12143132,-0.06441771,0.053709764,-0.0662688,-0.10215616,-0.11735911,-0.09295053,-0.12549695,-0.2294916,-0.029400535,-0.05691978,0.07580337,0.18504979,0.07850695,0.061266858,-0.10994738,0.10007132,-0.26985013,-0.11782919,0.08468269,0.1047673,0.08080308,-0.06075224,0.09174546,-0.055091035,-0.04427607,0.07509849,-0.051052377,0.08780616,-0.090907626,0.13081403,-0.059156526,-0.09241071,0.18003625,0.04115814,0.23954675,0.03132419,-0.16040629,-0.027467582,-0.076372765,0.09719863,-0.045066614,-0.060310166
0.07942011,0.101276785,0.15589033,0.23226845,-0.29106393,0.2906259,-0.055191454,-0.12634824,-0.1283265,0.1615436,0.17513908,0.2404022,-0.2267367,-0.08627567,0.13367735,-0.09130371,-0.013238265,-0.056977313,0.012357192,0.13490526,-0.07123252,0.11889731,-0.0047514713,-0.17965557,-0.15862073,-0.17113507,0.10039596,-0.15521398,0.04844368,0.0021840008,0.2364354,0.067405105,-0.10333901,0.12174656,-0.023311693,-0.02455049,0.094796374,0.082376085,-0.075693764,0.039771684,-0.02515515,-0.09225498,-0.14740875,0.04731004,-0.13027805,-0.23800693,-0.09557617,-0.13139065,0.053374767,0.33154362,0.045018177,0.09140212,-0.15648119,0.18506046,-0.35282335,-0.18725741,0.0155403875,0.036322493,0.030728813,0.014275314,0.07668089,0.026285967,0.032376897,0.08129871,-0.0068289977,0.10655151,-0.03913345,0.15313423,0.006225266,0.024803296,0.18309766,0.05151999,0.2115933,0.03883209,-0.18135597,0.1306444,-0.118989244,0.16252023,-0.016911898,-0.034795634
0.13452712,0.1569341,0.23226845,0.34719706,-0.4267773,0.42165276,-0.085633345,-0.1715915,-0.1890033,0.2263429,0.25159815,0.344301,-0.33431804,-0.12102478,0.19607334,-0.111017674,-0.0012628977,-0.094240375,0.04014233,0.20273004,-0.09765703,0.1834048,0.0034982653,-0.28536296,-0.22385265,-0.24466315,0.1622176,-0.24971022,0.07492389,-0.0045058546,0.3636323,0.10291535,-0.16736414,0.1768233,-0.047633305,-0.040753063,0.14326616,0.13543908,-0.11563069,0.06447093,-0.04681832,-0.14535235,-0.22367011,0.04735462,-0.20175005,-0.3686213,-0.1362886,-0.19044557,0.08721831,0.48830718,0.07628858,0.13653713,-0.2346988,0.2719603,-0.5332884,-0.27828816,0.037105404,0.069301,0.057164054,0.0081713945,0.122093014,0.025666041,0.03602394,0.12529844,-0.018894093,0.16223209,-0.07055522,0.2340217,-0.002546074,0.016656654,0.28423136,0.07819997,0.33435678,0.05899806,-0.27817628,0.17364016,-0.17711368,0.2405782,-0.031572238,-0.058896128
-0.049426876,-0.15224378,-0.29106393,-0.4267773,0.5855221,-0.6120014,0.08228826,0.33760616,0.25300708,-0.38920566,-0.384077,-0.5336177,0.4447539,0.20699818,-0.26850632,0.32320097,0.13740906,0.049326032,0.10957622,-0.241333,0.1847359,-0.18381841,0.07343975,0.22748041,0.37236628,0.38251737,-0.110336795,0.17718214,-0.073691495,-0.051445585,-0.37213194,-0.11068205,0.11118308,-0.25522658,-0.035219077,0.020358842,-0.16463713,-0.07626349,0.123925745,-0.042435665,-0.010036271,0.124043725,0.25057456,-0.22955233,0.19659138,0.35890538,0.21577732,0.2777923,-0.052698817,-0.6536718,-0.027810767,-0.16850427,0.28270572,-0.3685413,0.61236656,0.35399768,0.056144055,0.024858,0.012089911,-0.106606565,-0.09529947,-0.13147704,-0.13501945,-0.12635347,-0.040473346,-0.17772567,-0.0017002448,-0.2501493,-0.083783135,-0.17021888,-0.27212024,-0.08741632,-0.27851516,-0.06554323,0.289989,-0.37219515,0.22322816,-0.3130167,-0.007334124,0.021917773
-0.014934078,0.1280511,0.2906259,0.42165276,-0.6120014,0.6561918,-0.068664424,-0.4032324,-0.2613452,0.44557613,0.42061314,0.5879334,-0.45800856,-0.23654273,0.2804033,-0.4220308,-0.21048412,-0.012148644,-0.19567066,0.23410952,-0.21810181,0.15871671,-0.11531702,-0.15693596,-0.42136043,-0.4229031,0.060025133,-0.10368098,0.06268308,0.08217077,0.32649523,0.10065032,-0.057847153,0.27299368,0.086372495,-0.0037592151,0.1563532,0.025724594,-0.11242257,0.021678198,0.047089808,-0.09250923,-0.23416571,0.3210398,-0.16595861,-0.3027794,-0.2397254,-0.2984903,0.022083672,0.67521685,-0.008805096,0.16685045,-0.27612767,0.38295203,-0.58127666,-0.3563054,-0.11143764,-0.08508645,-0.057243086,0.15843843,0.06402558,0.18486163,0.18330695,0.10962011,0.075023115,0.16366081,0.050317317,0.22651301,0.13058159,0.2505386,0.22635806,0.08157719,0.2023038,0.06091831,-0.2579344,0.45504588,-0.22358315,0.31877148,0.03262599,0.006109617
-0.07689609,-0.054038677,-0.055191454,-0.085633345,0.08228826,-0.068664424,0.029783266,-0.005447814,0.0388172,-0.013976743,-0.033845503,-0.04328998,0.06970889,0.007891414,-0.037993584,-0.043032154,-0.050916567,0.048324704,-0.06982522,-0.05296718,-0.00030853946,-0.06093073,-0.030176505,0.11687194,0.018558,0.029508756,-0.07359277,0.11051951,-0.025419623,0.02259861,-0.117910095,-0.03134942,0.076928444,-0.02933073,0.04710673,0.021263769,-0.039659247,-0.06742432,0.03538529,-0.029782282,0.03703219,0.05644748,0.06435289,0.05292964,0.069142155,0.12644039,0.015420533,0.03049555,-0.04206623,-0.10028584,-0.04368919,-0.033422478,0.060069013,-0.05416368,0.1478042,0.06414141,-0.04752067,-0.058587033,-0.04515353,0.034395713,-0.05076871,0.031350005,0.025330147,-0.041335363,0.028678989,-0.04819245,0.050745513,-0.07186435,0.03340054,0.052356515,-0.09923579,-0.022570835,-0.13242073,-0.017182486,0.08819797,0.017035577,0.04160272,-0.052814756,0.02518636,0.03356013
0.17458706,0.006989537,-0.12634824,-0.1715915,0.33760616,-0.4032324,-0.005447814,0.34822944,0.13641648,-0.34263954,-0.27990454,-0.39972445,0.23552524,0.18090262,-0.15406848,0.44316503,0.28312212,-0.09173462,0.3106152,-0.08384007,0.18278986,-0.0040895664,0.15992191,-0.115335055,0.31275836,0.2909598,0.10502355,-0.14641647,0.0012432981,-0.11626508,-0.024077205,-0.017962147,-0.113874815,-0.16614401,-0.171443,-0.04168977,-0.046961173,0.120663755,0.019284729,0.044684492,-0.11739801,-0.041749306,0.059883185,-0.37969252,-0.007174293,-0.013712089,0.16768731,0.18498078,0.070243396,-0.35245487,0.09946056,-0.068876155,0.10395755,-0.2056177,0.17382422,0.16232933,0.19324787,0.19457224,0.14299887,-0.20482822,0.053564124,-0.22047347,-0.20648381,-0.004400155,-0.12311489,-0.035073802,-0.14900433,-0.03765635,-0.17946659,-0.31960785,0.020178614,-0.020541329,0.11022845,-0.014648786,0.029461527,-0.41592926,0.09900838,-0.15486364,-0.08034524,-0.07585503
-0.033874355,-0.07162636,-0.1283265,-0.1890033,0.25300708,-0.2613452,0.0388172,0.13641648,0.10990901,-0.16089109,-0.16235924,-0.22490588,0.1934695,0.0856515,-0.11606915,0.12382886,0.046808653,0.028720776,0.032098375,-0.107690126,0.07512441,-0.08570914,0.02448708,0.113487795,0.15485793,0.16094851,-0.058071,0.09188184,-0.034537863,-0.016892381,-0.17254056,-0.05065251,0.05901228,-0.109114744,-0.0059034205,0.012090101,-0.07409688,-0.043100838,0.056764305,-0.022598723,0.0025421765,0.060581163,0.113488406,-0.08394681,0.092376545,0.16868432,0.0905715,0.11850648,-0.028973468,-0.2839616,-0.019135505,-0.074554645,0.12579788,-0.15967259,0.27565503,0.15553936,0.014344924,-0.0003673725,-0.0031596592,-0.037229583,-0.047867328,-0.0478958,-0.050414596,-0.058816988,-0.011339129,-0.08095028,0.0083884355,-0.11465945,-0.028119495,-0.059903186,-0.1284985,-0.03961352,-0.13703904,-0.029747915,0.13379522,-0.14841922,0.09828869,-0.13683508,0.0015221515,0.014924821
-0.123494044,0.028237347,0.1615436,0.2263429,-0.38920566,0.44557613,-0.013976743,-0.34263954,-0.16089109,0.34973022,0.30030024,0.42556685,-0.2795328,-0.18497974,0.17790326,-0.41254616,-0.24830835,0.059731126,-0.26332828,0.11783649,-0.18151674,0.04373904,-0.13933517,0.038560357,-0.3230073,-0.3084669,-0.056489464,0.07359568,0.015315326,0.100868575,0.10071007,0.038269147,0.06311686,0.18426737,0.139765,0.027599866,0.07250879,-0.07605434,-0.042211816,-0.025030412,0.09259681,0.004750093,-0.10143363,0.3430015,-0.037887912,-0.06869674,-0.17674436,-0.2037521,-0.04244101,0.4156859,-0.07043004,0.09023431,-0.14246012,0.23967883,-0.26904348,-0.20314114,-0.16117243,-0.15528347,-0.11275949,0.18123083,-0.020193191,0.19876744,0.18877953,0.031288795,0.10371912,0.06624733,0.11508864,0.08422807,0.15666595,0.28364247,0.044554565,0.035117246,-0.023359518,0.025750784,-0.086716525,0.40239716,-0.12551613,0.18834418,0.0634745,0.053558264
-0.044874236,0.063794434,0.17513908,0.25159815,-0.384077,0.42061314,-0.033845503,-0.27990454,-0.16235924,0.30030024,0.27418417,0.38506332,-0.28377864,-0.15920801,0.17584316,-0.30974984,-0.16773777,0.013383985,-0.16605276,0.1372525,-0.1502088,0.081793614,-0.092924096,-0.055398248,-0.2815768,-0.2777111,0.008189465,-0.021613132,0.031693276,0.06670748,0.1716003,0.055149462,-0.005190004,0.17464258,0.080625705,0.00698077,0.0897382,-0.012636388,-0.061433744,0.001515991,0.04906343,-0.038255222,-0.13216828,0.24471392,-0.08308193,-0.15144399,-0.15801029,-0.19166198,-0.0037320324,0.41947603,-0.025715992,0.09976723,-0.16296864,0.23912865,-0.33345804,-0.21630447,-0.0980586,-0.08490624,-0.05970373,0.12449316,0.02121149,0.14130387,0.13752557,0.056828268,0.06452516,0.09092696,0.05745434,0.12352297,0.10487785,0.19594607,0.11110089,0.045975577,0.07961862,0.034185182,-0.13779405,0.32076976,-0.13512287,0.19557469,0.033781372,0.019303853
-0.07667989,0.08194384,0.2404022,0.344301,-0.5336177,0.5879334,-0.04328998,-0.39972445,-0.22490588,0.42556685,0.38506332,0.5414846,-0.39279178,-0.22553994,0.2442549,-0.44847685,-0.24743739,0.027077045,-0.24816947,0.18678804,-0.21407606,0.10644801,-0.13740276,-0.05956974,-0.3981297,-0.39080718,-0.00052478706,-0.012483553,0.04094638,0.098792456,0.22496815,0.07338541,0.005351247,0.24397959,0.122684576,0.013469725,0.121292315,-0.02917643,-0.08167087,-0.0027745438,0.07604384,-0.045155194,-0.1776573,0.35745034,-0.106923126,-0.19483505,-0.22258587,-0.2680367,-0.012287506,0.5810739,-0.043880247,0.13661553,-0.222253,0.33174798,-0.45063788,-0.29757372,-0.14759241,-0.13068585,-0.09255028,0.183083,0.02181135,0.2065311,0.20015016,0.0741229,0.09669044,0.121572256,0.09027177,0.16409446,0.15496926,0.28786856,0.14185974,0.06176853,0.09150386,0.045861784,-0.1817223,0.45987123,-0.18563662,0.26991364,0.05230648,0.033065636
-0.06520327,-0.12854958,-0.2267367,-0.33431804,0.4447539,-0.45800856,0.06970889,0.23552524,0.1934695,-0.2795328,-0.28377864,-0.39279178,0.34067696,0.14884996,-0.20405549,0.21052226,0.07660456,0.05383465,0.049533043,-0.1908459,0.12993462,-0.15350378,0.039770268,0.20636258,0.26948914,0.28096578,-0.10677851,0.16844003,-0.061931193,-0.027282512,-0.30860975,-0.0903178,0.10869328,-0.1912809,-0.0061678826,0.022740975,-0.13158876,-0.080351315,0.1012374,-0.041651733,0.007577508,0.10964882,0.20185421,-0.14067869,0.16574307,0.3026711,0.15800777,0.2076281,-0.053734425,-0.49984878,-0.03685464,-0.13184518,0.22278109,-0.2808754,0.48955888,0.27458188,0.020735675,-0.0056659733,-0.009343038,-0.06145182,-0.08716698,-0.08016531,-0.085039556,-0.105299324,-0.017153615,-0.14417745,0.018868677,-0.20452501,-0.04577732,-0.099133745,-0.23081599,-0.0704672,-0.24844001,-0.05293759,0.23903129,-0.25529432,0.17360616,-0.24125196,0.0047958074,0.028700685
0.06392189,-0.015838424,-0.08627567,-0.12102478,0.20699818,-0.23654273,0.007891414,0.18090262,0.0856515,-0.18497974,-0.15920801,-0.22553994,0.14884996,0.09784822,-0.094623946,0.21718852,0.13029711,-0.030727493,0.13790849,-0.06314991,0.09587897,-0.024144664,0.07308722,-0.018374275,0.17094183,0.16344795,0.028583836,-0.036989734,-0.008524025,-0.052897003,-0.05521152,-0.020750344,-0.03202775,-0.097837865,-0.0730253,-0.014216391,-0.038978897,0.03902406,0.022901902,0.012713706,-0.048281174,-0.0015457174,0.05467961,-0.18028338,0.021194022,0.038446434,0.09362648,0.108150326,0.021701,-0.22129327,0.036458198,-0.04823576,0.076278284,-0.12753221,0.14464206,0.10840188,0.08432648,0.08102681,0.058793277,-0.095146134,0.009800294,-0.10446164,-0.09928838,-0.017233495,-0.054298993,-0.035816997,-0.05992818,-0.04571917,-0.08218699,-0.1489374,-0.025229258,-0.01893555,0.010079204,-0.013895848,0.047312453,-0.21227114,0.06701262,-0.100392215,-0.033099823,-0.027718753
0.023657233,0.07027791,0.13367735,0.19607334,-0.26850632,0.2804033,-0.037993584,-0.15406848,-0.11606915,0.17790326,0.17584316,0.2442549,-0.20405549,-0.094623946,0.12313418,-0.14695868,-0.062017284,-0.023206307,-0.049041286,0.11093945,-0.08434314,0.08479205,-0.0331038,-0.10552019,-0.17027958,-0.1750696,0.05142094,-0.08246477,0.034006607,0.023169002,0.17158052,0.050979942,-0.051854603,0.1169481,0.015412928,-0.009596857,0.07573274,0.035776183,-0.057083998,0.019797506,0.0040576197,-0.057436336,-0.115320355,0.10405993,-0.09074035,-0.16566235,-0.09873907,-0.12726778,0.024657575,0.29987746,0.01331708,0.07741004,-0.12993026,0.16903773,-0.2816915,-0.16253874,-0.024961079,-0.010519533,-0.0048801918,0.04818746,0.044231687,0.059586097,0.061288804,0.05827678,0.018073084,0.08182969,5.7188194e-05,0.115232654,0.037780747,0.07697733,0.12565212,0.04023277,0.1290422,0.0301695,-0.1336543,0.16969706,-0.10251203,0.14366695,0.002991729,-0.010482895
0.31233385,0.07444828,-0.09130371,-0.111017674,0.32320097,-0.4220308,-0.043032154,0.44316503,0.12382886,-0.41254616,-0.30974984,-0.44847685,0.21052226,0.21718852,-0.14695868,0.60786223,0.41681507,-0.17373978,0.47426483,-0.04071884,0.22952177,0.06893699,0.23716003,-0.28664732,0.3695182,0.3288803,0.2211132,-0.3178896,0.03245716,-0.17322026,0.11314099,0.0155889755,-0.23626386,-0.17262672,-0.2721823,-0.07810955,-0.010663489,0.23322189,-0.018836735,0.09221835,-0.19218509,-0.12095138,-0.0031534776,-0.54032344,-0.09303876,-0.17088287,0.19146979,0.19482474,0.1391908,-0.31993863,0.17779042,-0.045717314,0.057305682,-0.19192578,0.038245503,0.12553084,0.30002022,0.31513205,0.23415032,-0.2985835,0.12885974,-0.31449434,-0.28963944,0.044728696,-0.18919818,0.01461104,-0.24847609,0.040147673,-0.2655803,-0.46430418,0.14592107,0.0016849815,0.29914582,0.0025221661,-0.07027493,-0.5421194,0.07354789,-0.12993978,-0.1313364,-0.13588609
0.25803766,0.09010007,-0.013238265,-0.0012628977,0.13740906,-0.21048412,-0.050916567,0.28312212,0.046808653,-0.24830835,-0.16773777,-0.24743739,0.07660456,0.13029711,-0.062017284,0.41681507,0.30295584,-0.14798109,0.35423368,0.016799614,0.14462095,0.09215206,0.17334186,-0.27389032,0.21757449,0.1832438,0.19801293,-0.28845575,0.040770564,-0.12705456,0.16558257,0.034908317,-0.21021399,-0.085099645,-0.20892818,-0.06615912,0.025048934,0.20069025,-0.040182877,0.0818549,-0.15054128,-0.12128028,-0.053513117,-0.38225704,-0.11388773,-0.20873389,0.108090684,0.098129936,0.1212377,-0.120945714,0.14681722,-0.0019946261,-0.012052821,-0.07735457,-0.09429457,0.027601294,0.22677025,0.24513711,0.1834413,-0.21535695,0.12170763,-0.22292638,-0.20247184,0.061233878,-0.14197376,0.04777995,-0.19693018,0.08279791,-0.19380039,-0.33398044,0.17124876,0.01913311,0.29420257,0.015345085,-0.11482745,-0.35464516,0.0129504325,-0.03944425,-0.10278085,-0.112347856
-0.16308889,-0.0869891,-0.056977313,-0.094240375,0.049326032,-0.012148644,0.048324704,-0.09173462,0.028720776,0.059731126,0.013383985,0.027077045,0.05383465,-0.030727493,-0.023206307,-0.17373978,-0.14798109,0.09819871,-0.184399,-0.06361348,-0.044124767,-0.09522588,-0.08582335,0.21206057,-0.045364313,-0.022870416,-0.14126638,0.20945098,-0.0404313,0.06343653,-0.18041766,-0.045208786,0.14864609,-0.006645904,0.115304545,0.043525536,-0.051406022,-0.13526095,0.051265184,-0.057690166,0.086495854,0.09909053,0.08730938,0.17421384,0.11087975,0.20290746,-0.015685035,0.003988099,-0.08318672,-0.07419718,-0.09272423,-0.036327135,0.070023745,-0.036430508,0.19186755,0.062518395,-0.12116361,-0.13895221,-0.10543018,0.10320549,-0.09294502,0.102131695,0.08928731,-0.06421304,0.07467197,-0.067716785,0.11569293,-0.1044753,0.09557962,0.15896487,-0.16149846,-0.03073274,-0.23539113,-0.023631928,0.13222045,0.12619233,0.042049244,-0.04641729,0.05894709,0.0710963
0.3179679,0.12420749,0.012357192,0.04014233,0.10957622,-0.19567066,-0.06982522,0.3106152,0.032098375,-0.26332828,-0.16605276,-0.24816947,0.049533043,0.13790849,-0.049041286,0.47426483,0.35423368,-0.184399,0.41917977,0.04395338,0.15746509,0.12978095,0.2031874,-0.3545928,0.22767563,0.18502238,0.2510728,-0.36735705,0.05667307,-0.14916325,0.23728134,0.053171083,-0.26596203,-0.078349635,-0.2501054,-0.082275376,0.046474967,0.2509946,-0.06086527,0.10347878,-0.18170916,-0.15929246,-0.08940946,-0.4414718,-0.15740553,-0.288356,0.110102616,0.091958985,0.15227394,-0.08294231,0.1808856,0.014033912,-0.042232983,-0.057885397,-0.17422885,-0.0010724515,0.26971433,0.2950585,0.2214344,-0.25093603,0.15700418,-0.2576933,-0.23252478,0.086648755,-0.16833986,0.075338274,-0.23881838,0.12490646,-0.2270048,-0.38867968,0.23439138,0.031755194,0.3842263,0.025022326,-0.16766623,-0.3940343,-0.006082307,-0.017301353,-0.12401341,-0.1384799
0.09351647,0.09688328,0.13490526,0.20273004,-0.241333,0.23410952,-0.05296718,-0.08384007,-0.107690126,0.11783649,0.1372525,0.18678804,-0.1908459,-0.06314991,0.11093945,-0.04071884,0.016799614,-0.06361348,0.04395338,0.119390234,-0.048671264,0.11246402,0.012077681,-0.18253969,-0.118160985,-0.13230403,0.10621624,-0.16255751,0.046124298,-0.009986782,0.22198835,0.062135193,-0.1099287,0.098359026,-0.039917633,-0.027634265,0.08513398,0.090729475,-0.069867745,0.042396825,-0.03606173,-0.09192314,-0.13374689,0.005532738,-0.12443799,-0.22740042,-0.073351204,-0.105561726,0.05796368,0.27822655,0.053060193,0.07963799,-0.13778889,0.15437835,-0.31696048,-0.16095465,0.034800954,0.05467011,0.044009328,-0.0076933918,0.07836174,0.0020873237,0.009321594,0.07673342,-0.019254807,0.097528115,-0.05261215,0.14148863,-0.01270578,-0.009603815,0.17593704,0.046785373,0.21233355,0.03534996,-0.16913411,0.08089646,-0.10270517,0.13824213,-0.024391538,-0.04090565
0.08527206,-0.0009636771,-0.07123252,-0.09765703,0.1847359,-0.21810181,-0.00030853946,0.18278986,0.07512441,-0.18151674,-0.1502088,-0.21407606,0.12993462,0.09587897,-0.08434314,0.22952177,0.14462095,-0.044124767,0.15746509,-0.048671264,0.096167766,-0.0073861578,0.08156769,-0.050656375,0.16618511,0.15565418,0.048947603,-0.06755885,-0.0015292732,-0.059243962,-0.022799335,-0.012145627,-0.053319093,-0.089953825,-0.0861764,-0.020112919,-0.02812036,0.057708226,0.013188328,0.020957163,-0.058600314,-0.017121943,0.037041847,-0.1952688,0.002163853,0.0036452613,0.089571096,0.09996685,0.033352487,-0.19409613,0.048588783,-0.039117508,0.059868257,-0.112860255,0.104172535,0.090936586,0.0976158,0.097362146,0.071375296,-0.10483747,0.023827374,-0.1133325,-0.106487475,-0.005866348,-0.062326405,-0.022597568,-0.074055344,-0.025990086,-0.09157624,-0.16369809,0.002094688,-0.012748848,0.04663334,-0.009185,0.023080576,-0.21742192,0.05567746,-0.08603475,-0.040118642,-0.03703633
0.1502715,0.11067957,0.11889731,0.1834048,-0.18381841,0.15871671,-0.06093073,-0.0040895664,-0.08570914,0.04373904,0.081793614,0.10644801,-0.15350378,-0.024144664,0.08479205,0.06893699,0.09215206,-0.09522588,0.12978095,0.11246402,-0.0073861578,0.12532076,0.054960877,-0.23497473,-0.051837143,-0.073371716,0.14653912,-0.22056425,0.05215302,-0.041312598,0.2432236,0.065174446,-0.15300168,0.06752983,-0.089227185,-0.041843027,0.08351374,0.13318397,-0.07352146,0.059207212,-0.070907004,-0.11410176,-0.13479722,-0.09204958,-0.14169142,-0.25908542,-0.039028365,-0.070748635,0.08331496,0.22143385,0.08536635,0.07166599,-0.12793261,0.120264366,-0.3111911,-0.13885766,0.08912066,0.11179098,0.08646362,-0.06165616,0.101920165,-0.054714367,-0.042964388,0.08508884,-0.053500127,0.10051792,-0.09768511,0.14924929,-0.060724974,-0.09350867,0.20292805,0.04725789,0.26713336,0.035932604,-0.18243621,-0.016739411,-0.089788854,0.11526708,-0.048203364,-0.065598674
0.14928964,0.053464882,-0.0047514713,0.0034982653,0.07343975,-0.11531702,-0.030176505,0.15992191,0.02448708,-0.13933517,-0.092924096,-0.13740276,0.039770268,0.07308722,-0.0331038,0.23716003,0.17334186,-0.08582335,0.2031874,0.012077681,0.08156769,0.054960877,0.09923211,-0.16019455,0.12177894,0.10188125,0.11527895,-0.16809574,0.024240568,-0.07275786,0.09917029,0.021226373,-0.1223232,-0.046546005,-0.12013185,-0.038352974,0.016075194,0.11648542,-0.024399161,0.047622748,-0.086711824,-0.071166,-0.033340435,-0.21815921,-0.06762147,-0.12392297,0.060194712,0.053836584,0.0704349,-0.063271075,0.084939115,0.00051853684,-0.009750125,-0.04095753,-0.06044045,0.012410809,0.13021344,0.14111473,0.10566363,-0.12313209,0.07112777,-0.12725078,-0.11542037,0.036562484,-0.08146984,0.029312896,-0.11354502,0.050223608,-0.1109273,-0.19090761,0.101447314,0.011899025,0.17241324,0.009498004,-0.06908832,-0.20082389,0.005257294,-0.019646022,-0.059197027,-0.06500363
-0.3451818,-0.21126877,-0.17965557,-0.28536296,0.22748041,-0.15693596,0.11687194,-0.115335055,0.113487795,0.038560357,-0.055398248,-0.05956974,0.20636258,-0.018374275,-0.10552019,-0.28664732,-0.27389032,0.21206057,-0.3545928,-0.18253969,-0.050656375,-0.23497473,-0.16019455,0.4840387,-0.0127243735,0.03560371,-0.31355968,0.467836,-0.09882693,0.11902029,-0.4503377,-0.11660566,0.32887912,-0.0686877,0.22890964,0.09366908,-0.14095598,-0.29389158,0.1318851,-0.12748513,0.17525099,0.23000748,0.23313707,0.307821,0.26983848,0.4936145,0.0143738445,0.06810388,-0.1819963,-0.2931957,-0.19619043,-0.11086113,0.20461279,-0.15422395,0.52564514,0.20459686,-0.23641364,-0.27964956,-0.21364512,0.18869337,-0.21120158,0.18112595,0.15401605,-0.15896678,0.14443272,-0.17723519,0.23693675,-0.2682552,0.17797491,0.28934214,-0.38995767,-0.081894375,-0.54290205,-0.062611215,0.33375862,0.17855164,0.13440274,-0.1627309,0.11932724,0.15055713
0.09823958,-0.03630743,-0.15862073,-0.22385265,0.37236628,-0.42136043,0.018558,0.31275836,0.15485793,-0.3230073,-0.2815768,-0.3981297,0.26948914,0.17094183,-0.17027958,0.3695182,0.21757449,-0.045364313,0.22767563,-0.118160985,0.16618511,-0.051837143,0.12177894,-0.0127243735,0.29941827,0.28821805,0.037510995,-0.046039928,-0.018940456,-0.088013574,-0.11502917,-0.041109294,-0.042935997,-0.17443368,-0.118899934,-0.02116739,-0.07407449,0.056622155,0.045500394,0.017167462,-0.0776477,0.006561031,0.10533908,-0.30391148,0.048065588,0.08735823,0.16485474,0.19250421,0.03073869,-0.40009758,0.056059126,-0.08910307,0.1420857,-0.22998337,0.27497837,0.19844851,0.13842624,0.13089357,0.09454411,-0.15933411,0.008680479,-0.17598401,-0.16800009,-0.036646556,-0.08944894,-0.06998933,-0.09559635,-0.0910331,-0.13702837,-0.24965742,-0.05998854,-0.036525656,-0.0042031794,-0.02690566,0.096469544,-0.3652483,0.122997716,-0.18270701,-0.05326545,-0.042564843
0.060815096,-0.05601141,-0.17113507,-0.24466315,0.38251737,-0.4229031,0.029508756,0.2909598,0.16094851,-0.3084669,-0.2777111,-0.39080718,0.28096578,0.16344795,-0.1750696,0.3288803,0.1832438,-0.022870416,0.18502238,-0.13230403,0.15565418,-0.073371716,0.10188125,0.03560371,0.28821805,0.28217277,0.0052323984,0.001790667,-0.028092586,-0.07331196,-0.15578033,-0.05128498,-0.008961119,-0.17544046,-0.09229705,-0.011194129,-0.08556568,0.025655631,0.05704251,0.0039802063,-0.057725046,0.029107187,0.12491549,-0.2633562,0.07317587,0.13331124,0.16080405,0.19285324,0.011705855,-0.41583186,0.034780834,-0.0971168,0.15761904,-0.23761143,0.31787238,0.21210898,0.110432394,0.098870724,0.07026059,-0.13536902,-0.0125104785,-0.15221508,-0.14717932,-0.051162913,-0.07218458,-0.085206725,-0.06897271,-0.11456015,-0.114864655,-0.21273226,-0.09659124,-0.04341812,-0.057795007,-0.03220905,0.126299,-0.33545047,0.13221605,-0.19274662,-0.03968711,-0.026250927
0.23233403,0.13276313,0.10039596,0.1622176,-0.110336795,0.060025133,-0.07359277,0.10502355,-0.058071,-0.056489464,0.008189465,-0.00052478706,-0.10677851,0.028583836,0.05142094,0.2211132,0.19801293,-0.14126638,0.2510728,0.10621624,0.048947603,0.14653912,0.11527895,-0.31355968,0.037510995,0.0052323984,0.20598775,-0.3063655,0.06191223,-0.08540797,0.27931303,0.0712141,-0.21640313,0.02724913,-0.15933399,-0.06250918,0.083699614,0.19516757,-0.08064308,0.08393675,-0.1206751,-0.14776482,-0.14011773,-0.22835481,-0.16940321,-0.3099442,0.006858206,-0.025104063,0.12043686,0.15002425,0.13207313,0.06281094,-0.11811712,0.07700331,-0.31225082,-0.112591214,0.1660866,0.19324641,0.14710148,-0.13734227,0.13712227,-0.13408892,-0.11581559,0.09898333,-0.10194521,0.10750768,-0.16223282,0.16417687,-0.12824361,-0.21112248,0.24574049,0.04926602,0.34988335,0.03776543,-0.20590939,-0.1509492,-0.074683696,0.08711865,-0.08220559,-0.101308785
-0.3436865,-0.19947413,-0.15521398,-0.24971022,0.17718214,-0.10368098,0.11051951,-0.14641647,0.09188184,0.07359568,-0.021613132,-0.012483553,0.16844003,-0.036989734,-0.08246477,-0.3178896,-0.28845575,0.20945098,-0.36735705,-0.16255751,-0.06755885,-0.22056425,-0.16809574,0.467836,-0.046039928,0.001790667,-0.3063655,0.4559822,-0.09308892,0.12461258,-0.42095038,-0.10771879,0.32173872,-0.04650579,0.23398207,0.09264383,-0.12746279,-0.28957012,0.12194605,-0.12477637,0.1776248,0.22088589,0.21275765,0.33089024,0.25458306,0.46577188,-0.0047482206,0.043904603,-0.17883222,-0.23737425,-0.19536568,-0.09676911,0.18112718,-0.12265822,0.47546872,0.1747532,-0.2434155,-0.28422612,-0.21652606,0.1997929,-0.20448475,0.19437963,0.16735688,-0.14903975,0.14926092,-0.16288085,0.23908766,-0.24821004,0.18694857,0.30696398,-0.36898005,-0.07478948,-0.52264464,-0.057294283,0.31071323,0.21325119,0.115629,-0.13618873,0.12098819,0.14987287
0.064055085,0.046149693,0.04844368,0.07492389,-0.073691495,0.06268308,-0.025419623,0.0012432981,-0.034537863,0.015315326,0.031693276,0.04094638,-0.061931193,-0.008524025,0.034006607,0.03245716,0.040770564,-0.0404313,0.05667307,0.046124298,-0.0015292732,0.05215302,0.024240568,-0.09882693,-0.018940456,-0.028092586,0.06191223,-0.09308892,0.021728728,-0.018187609,0.101082474,0.026988778,-0.06467834,0.026715886,-0.03860765,-0.017777525,0.034380496,0.05648304,-0.030453552,0.02503387,-0.030521264,-0.047868904,-0.055627264,-0.04154496,-0.059065603,-0.10800757,-0.014833895,-0.027896924,0.03528937,0.08923016,0.036390837,0.029261287,-0.052395713,0.048342273,-0.12811935,-0.05645138,0.03874778,0.04819964,0.03721615,-0.027408648,0.04289606,-0.024650235,-0.0196388,0.035396524,-0.023320848,0.041562166,-0.041939955,0.061833635,-0.026806291,-0.0416442,0.08467655,0.019505918,0.11217562,0.01483956,-0.07572308,-0.010489961,-0.03655329,0.04669067,-0.020753235,-0.027959213
-0.11018335,-0.040067986,0.0021840008,-0.0045058546,-0.051445585,0.08217077,0.02259861,-0.11626508,-0.016892381,0.100868575,0.06670748,0.098792456,-0.027282512,-0.052897003,0.023169002,-0.17322026,-0.12705456,0.06343653,-0.14916325,-0.009986782,-0.059243962,-0.041312598,-0.07275786,0.11902029,-0.088013574,-0.07331196,-0.08540797,0.12461258,-0.018187609,0.053357568,-0.074726485,-0.016134702,0.090600275,0.03312994,0.08832443,0.02834108,-0.012584474,-0.08614258,0.018531498,-0.035268564,0.0638226,0.052978348,0.02568973,0.15964845,0.050695553,0.092898384,-0.043361284,-0.038397845,-0.052117344,0.043647744,-0.062687986,-0.0011436319,0.00845943,0.028501503,0.0472858,-0.0075410353,-0.09565548,-0.10382629,-0.07777235,0.09021157,-0.052820258,0.09313279,0.08440304,-0.027501421,0.05982401,-0.022393925,0.08362439,-0.038123183,0.08132525,0.13984437,-0.07595154,-0.009159433,-0.12825072,-0.0072920755,0.05219816,0.14623524,-0.0028632097,0.013055411,0.043568674,0.047977787
0.28332576,0.2143163,0.2364354,0.3636323,-0.37213194,0.32649523,-0.117910095,-0.024077205,-0.17254056,0.10071007,0.1716003,0.22496815,-0.30860975,-0.05521152,0.17158052,0.11314099,0.16558257,-0.18041766,0.23728134,0.22198835,-0.022799335,0.2432236,0.09917029,-0.4503377,-0.11502917,-0.15578033,0.27931303,-0.42095038,0.101082474,-0.074726485,0.4727988,0.12722537,-0.29143545,0.13866389,-0.1650886,-0.07921297,0.16413526,0.25268826,-0.143474,0.1127484,-0.13206625,-0.21934123,-0.26418823,-0.16090615,-0.27444887,-0.50180733,-0.083462685,-0.14577949,0.15831535,0.44576794,0.1609389,0.1421751,-0.25291932,0.242762,-0.61155117,-0.27681273,0.16387099,0.20777403,0.1610481,-0.110072255,0.19516972,-0.09588465,-0.07374663,0.16521643,-0.0980441,0.1965602,-0.18253143,0.29118448,-0.10944235,-0.16652171,0.39260185,0.092599444,0.5129396,0.07036316,-0.35516375,-0.013177322,-0.17871784,0.23071748,-0.08975521,-0.12369804
0.0699851,0.057077866,0.067405105,0.10291535,-0.11068205,0.10065032,-0.03134942,-0.017962147,-0.05065251,0.038269147,0.055149462,0.07338541,-0.0903178,-0.020750344,0.050979942,0.0155889755,0.034908317,-0.045208786,0.053171083,0.062135193,-0.012145627,0.065174446,0.021226373,-0.11660566,-0.041109294,-0.05128498,0.0712141,-0.10771879,0.026988778,-0.016134702,0.12722537,0.034615062,-0.07416278,0.042577486,-0.038471974,-0.019802295,0.045444593,0.063576944,-0.03900379,0.02867072,-0.03143013,-0.05727127,-0.07262684,-0.030462064,-0.073151484,-0.13373184,-0.027867505,-0.045103595,0.040009726,0.13086402,0.039744403,0.040297564,-0.07107201,0.07172009,-0.1692839,-0.079392895,0.037424803,0.04912085,0.03833281,-0.022655547,0.05041671,-0.018343974,-0.012887119,0.04432525,-0.022143263,0.05372179,-0.04387882,0.07911022,-0.023326388,-0.033952042,0.10431579,0.025441285,0.13351467,0.0193002,-0.095947385,0.010240479,-0.051066414,0.06681976,-0.02134213,-0.030567193
-0.24475603,-0.13874668,-0.10333901,-0.16736414,0.11118308,-0.057847153,0.076928444,-0.113874815,0.05901228,0.06311686,-0.005190004,0.005351247,0.10869328,-0.03202775,-0.051854603,-0.23626386,-0.21021399,0.14864609,-0.26596203,-0.1099287,-0.053319093,-0.15300168,-0.1223232,0.32887912,-0.042935997,-0.008961119,-0.21640313,0.32173872,-0.06467834,0.090600275,-0.29143545,-0.07416278,0.2273877,-0.02646358,0.16847433,0.06578783,-0.08685465,-0.20529008,0.083994865,-0.08820356,0.12744817,0.15483265,0.14562453,0.24306455,0.17701712,0.32388186,-0.009177914,0.023996854,-0.12663272,-0.15245569,-0.13913715,-0.064774424,0.12211668,-0.077954344,0.3240375,0.11564382,-0.17578903,-0.20417164,-0.15535647,0.14590654,-0.14385916,0.14269662,0.12344319,-0.10332894,0.10795467,-0.11186351,0.17123236,-0.17101984,0.13609882,0.2243445,-0.25690284,-0.051208414,-0.36675552,-0.039267574,0.21470529,0.16265473,0.07681269,-0.08912905,0.08682397,0.106722094
-0.0035588597,0.05464751,0.12174656,0.1768233,-0.25522658,0.27299368,-0.02933073,-0.16614401,-0.109114744,0.18426737,0.17464258,0.24397959,-0.1912809,-0.097837865,0.1169481,-0.17262672,-0.085099645,-0.006645904,-0.078349635,0.098359026,-0.089953825,0.06752983,-0.046546005,-0.0686877,-0.17443368,-0.17544046,0.02724913,-0.04650579,0.026715886,0.03312994,0.13866389,0.042577486,-0.02646358,0.11359868,0.034034032,-0.002269945,0.06583534,0.012891922,-0.047569923,0.009949468,0.018171221,-0.040068418,-0.09876736,0.13063438,-0.0707948,-0.12916997,-0.09940537,-0.124155104,0.010532264,0.281911,-0.0021540625,0.069954336,-0.11593123,0.15979517,-0.2447693,-0.1491413,-0.044359088,-0.033115197,-0.02208459,0.06419031,0.02812717,0.075192586,0.07475494,0.04661522,0.029975934,0.069138296,0.019038629,0.09586482,0.052733388,0.1015729,0.096726835,0.0344131,0.08792734,0.02570929,-0.10937828,0.18712442,-0.09363259,0.13327588,0.012605801,0.0013848604
-0.19689547,-0.0841128,-0.023311693,-0.047633305,-0.035219077,0.086372495,0.04710673,-0.171443,-0.0059034205,0.139765,0.080625705,0.122684576,-0.0061678826,-0.0730253,0.015412928,-0.2721823,-0.20892818,0.115304545,-0.2501054,-0.039917633,-0.0861764,-0.089227185,-0.12013185,0.22890964,-0.118899934,-0.09229705,-0.15933399,0.23398207,-0.03860765,0.08832443,-0.1650886,-0.038471974,0.16847433,0.034034032,0.1508599,0.051357392,-0.037304066,-0.15744084,0.04388894,-0.06550434,0.11044655,0.10401582,0.06818326,0.25722384,0.10679238,0.19556926,-0.05556567,-0.041124642,-0.09586485,0.015259837,-0.111993276,-0.017698128,0.041107506,0.015397208,0.1395863,0.019827276,-0.16170399,-0.17887893,-0.13459998,0.14750098,-0.10106135,0.15028144,0.13471636,-0.059769284,0.10063198,-0.055642977,0.14578101,-0.08984222,0.1341196,0.22819126,-0.15790683,-0.024130842,-0.24977411,-0.018833699,0.11811808,0.22052304,0.015804991,-0.0063848463,0.075351655,0.08577221
-0.0723746,-0.038265772,-0.02455049,-0.040753063,0.020358842,-0.0037592151,0.021263769,-0.04168977,0.012090101,0.027599866,0.00698077,0.013469725,0.022740975,-0.014216391,-0.009596857,-0.07810955,-0.06615912,0.043525536,-0.082275376,-0.027634265,-0.020112919,-0.041843027,-0.038352974,0.09366908,-0.02116739,-0.011194129,-0.06250918,0.09264383,-0.017777525,0.02834108,-0.07921297,-0.019802295,0.06578783,-0.002269945,0.051357392,0.019296268,-0.02241275,-0.05993066,0.02245936,-0.02553445,0.03848186,0.04372157,0.03814436,0.07806907,0.048768267,0.08924713,-0.007552263,0.0010277786,-0.036842354,-0.031233393,-0.041149374,-0.0156985,0.03037319,-0.015207787,0.083658926,0.026845142,-0.054018393,-0.061843038,-0.046905324,0.04616983,-0.04106647,0.04575916,0.040058214,-0.028209295,0.033306774,-0.029629191,0.051440135,-0.045777246,0.042718235,0.07113039,-0.07107006,-0.013428851,-0.10390462,-0.010330604,0.058005497,0.057102017,0.01809566,-0.019796744,0.026226787,0.03154969
0.0773313,0.07240964,0.094796374,0.14326616,-0.16463713,0.1563532,-0.039659247,-0.046961173,-0.07409688,0.07250879,0.0897382,0.121292315,-0.13158876,-0.038978897,0.07573274,-0.010663489,0.025048934,-0.051406022,0.046474967,0.08513398,-0.02812036,0.08351374,0.016075194,-0.14095598,-0.07407449,-0.08556568,0.083699614,-0.12746279,0.034380496,-0.012584474,0.16413526,0.045444593,-0.08685465,0.06583534,-0.037304066,-0.02241275,0.061275024,0.07286758,-0.051140495,0.033531666,-0.032039482,-0.070258744,-0.09687978,-0.012708941,-0.09292386,-0.16983755,-0.04715628,-0.07036077,0.046249077,0.19143502,0.043894712,0.056213763,-0.097934626,0.10577524,-0.22817673,-0.11258763,0.034462567,0.049307752,0.039088555,-0.01480249,0.060690023,-0.008217079,-0.0022134213,0.056909505,-0.019785231,0.07102545,-0.04575685,0.103626125,-0.017408757,-0.021310763,0.13182542,0.03390706,0.16290207,0.025658034,-0.124562874,0.041770376,-0.07204488,0.09601597,-0.021712583,-0.033803288
0.22415987,0.12143132,0.082376085,0.13543908,-0.07626349,0.025724594,-0.06742432,0.120663755,-0.043100838,-0.07605434,-0.012636388,-0.02917643,-0.080351315,0.03902406,0.035776183,0.23322189,0.20069025,-0.13526095,0.2509946,0.090729475,0.057708226,0.13318397,0.11648542,-0.29389158,0.056622155,0.025655631,0.19516757,-0.28957012,0.05648304,-0.08614258,0.25268826,0.063576944,-0.20529008,0.012891922,-0.15744084,-0.05993066,0.07286758,0.18643473,-0.07207053,0.07966333,-0.11834756,-0.13759144,-0.12332921,-0.23526098,-0.15481879,-0.28330228,0.01828611,-0.009585658,0.114745066,0.1113474,0.12744182,0.052267384,-0.100125246,0.05537731,-0.271939,-0.090901054,0.16515706,0.1899911,0.14425649,-0.13980623,0.12874575,-0.13796611,-0.12031716,0.08984469,-0.10169758,0.09540701,-0.15847029,0.14683965,-0.12969771,-0.21525082,0.22528553,0.043399997,0.32661095,0.033347547,-0.18544076,-0.16735643,-0.06091852,0.06823495,-0.08064675,-0.09772483
-0.07945243,-0.06441771,-0.075693764,-0.11563069,0.123925745,-0.11242257,0.03538529,0.019284729,0.056764305,-0.042211816,-0.061433744,-0.08167087,0.1012374,0.022901902,-0.057083998,-0.018836735,-0.040182877,0.051265184,-0.06086527,-0.069867745,0.013188328,-0.07352146,-0.024399161,0.1318851,0.045500394,0.05704251,-0.08064308,0.12194605,-0.030453552,0.018531498,-0.143474,-0.03900379,0.083994865,-0.047569923,0.04388894,0.02245936,-0.051140495,-0.07207053,0.04395164,-0.032473583,0.035791732,0.06473385,0.081772424,0.035438456,0.08255327,0.15092139,0.030969057,0.050366934,-0.045338806,-0.1466542,-0.04512177,-0.04527163,0.07989403,-0.08033882,0.19050461,0.089117594,-0.0427689,-0.05596868,-0.043651797,0.026138134,-0.057033483,0.021317685,0.015121584,-0.0499975,0.025329946,-0.06051272,0.049925994,-0.08914991,0.026823562,0.039206747,-0.11775098,-0.028646223,-0.15094829,-0.021734152,0.108169496,-0.010382035,0.057336677,-0.074953005,0.024305578,0.03470109
0.09503227,0.053709764,0.039771684,0.06447093,-0.042435665,0.021678198,-0.029782282,0.044684492,-0.022598723,-0.025030412,0.001515991,-0.0027745438,-0.041651733,0.012713706,0.019797506,0.09221835,0.0818549,-0.057690166,0.10347878,0.042396825,0.020957163,0.059207212,0.047622748,-0.12748513,0.017167462,0.0039802063,0.08393675,-0.12477637,0.02503387,-0.035268564,0.1127484,0.02867072,-0.08820356,0.009949468,-0.06550434,-0.02553445,0.033531666,0.07966333,-0.032473583,0.03421501,-0.049531356,-0.059996504,-0.056253925,-0.094738625,-0.06852144,-0.12537225,0.0038471485,-0.008961648,0.049132776,0.058382776,0.05402364,0.024947645,-0.04707839,0.02980785,-0.12510243,-0.04447054,0.068373635,0.07936055,0.06037743,-0.056828957,0.05577036,-0.055614196,-0.04813815,0.03998242,-0.041997086,0.043231465,-0.066532254,0.06612148,-0.052988555,-0.087387875,0.09946154,0.019782426,0.142135,0.015171477,-0.083042964,-0.06368235,-0.029553639,0.03422199,-0.03374385,-0.041436877
-0.14675201,-0.0662688,-0.02515515,-0.04681832,-0.010036271,0.047089808,0.03703219,-0.11739801,0.0025421765,0.09259681,0.04906343,0.07604384,0.007577508,-0.048281174,0.0040576197,-0.19218509,-0.15054128,0.086495854,-0.18170916,-0.03606173,-0.058600314,-0.070907004,-0.086711824,0.17525099,-0.0776477,-0.057725046,-0.1206751,0.1776248,-0.030521264,0.0638226,-0.13206625,-0.03143013,0.12744817,0.018171221,0.11044655,0.03848186,-0.032039482,-0.11834756,0.035791732,-0.049531356,0.08128898,0.08019755,0.05718748,0.18369317,0.08422701,0.15421486,-0.035148073,-0.022791939,-0.072232,-0.00656231,-0.08346363,-0.017666347,0.038069032,0.0013171716,0.11978658,0.024298733,-0.11788389,-0.13142072,-0.09906983,0.10601867,-0.07723162,0.10739355,0.09580239,-0.0475853,0.07321081,-0.045939475,0.10761023,-0.073170625,0.096759364,0.16387169,-0.124034435,-0.020204803,-0.19205119,-0.015696285,0.09513861,0.15269919,0.017761106,-0.01325383,0.05544575,0.0639391
-0.16026625,-0.10215616,-0.09225498,-0.14535235,0.124043725,-0.09250923,0.05644748,-0.041749306,0.060581163,0.004750093,-0.038255222,-0.045155194,0.10964882,-0.0015457174,-0.057436336,-0.12095138,-0.12128028,0.09909053,-0.15929246,-0.09192314,-0.017121943,-0.11410176,-0.071166,0.23000748,0.006561031,0.029107187,-0.14776482,0.22088589,-0.047868904,0.052978348,-0.21934123,-0.05727127,0.15483265,-0.040068418,0.10401582,0.04372157,-0.070258744,-0.13759144,0.06473385,-0.059996504,0.08019755,0.10982735,0.11548179,0.1338018,0.1305481,0.2387872,0.013795363,0.04055209,-0.08538768,-0.15651236,-0.09108089,-0.056558307,0.10344489,-0.08315029,0.261952,0.105813205,-0.10676681,-0.12767728,-0.09777214,0.08315668,-0.10022775,0.07885053,0.066274844,-0.07725942,0.06502159,-0.08736604,0.10882141,-0.13160524,0.07899183,0.12728746,-0.18826254,-0.04054534,-0.2587572,-0.030955402,0.16303317,0.06964624,0.06919977,-0.08520922,0.054589305,0.06991493
