0.07471291,0.18419988,-0.056272857,-0.21928446,0.09175211,-0.24937862,-0.009695081,0.13688403,0.058153708,-0.24548323,-0.086280845,-0.22900769,0.090044305,0.048331738,-0.12768981,0.094612904,0.06779617,-0.04552086,0.06531359,-0.0934239,0.042815465,0.15396282,0.08386746,-0.032710187,0.1738453,0.11038599,0.15063936,-0.081486486,0.12650974,-0.037609067,-0.053915486,0.10485015,-0.071776524,-0.10786956,-0.06142463,-0.02279595,8.291428e-05,0.012135076,-0.021351863,0.023754932,-0.048957985,-0.0384978,-0.014552395,-0.15030722,-0.024502954,-0.01410469,0.0807759,0.10708998,0.102008164,-0.090932064,0.050125767,-0.025898589,0.08721689,-0.149489,0.187878,0.15326291,0.049439427,0.11464993,0.10719839,-0.07410886,0.1471073,-0.106922835,-0.09121312,0.14335452,-0.039377455,0.0036521372,-0.049063362,-0.0048028403,-0.07037786,-0.10529555,-0.014789073,-0.011986555,-0.14862737,0.109843306,0.006591939,-0.14855763,0.07207912,-0.08159501,-0.04190662,-0.036423847
0.18419988,0.45456132,-0.14509933,-0.53135455,0.21977895,-0.61519575,-0.020102069,0.3230784,0.14994675,-0.6138213,-0.21519062,-0.56799763,0.23336183,0.11192262,-0.31450373,0.22466373,0.1645587,-0.10601568,0.15117602,-0.22460574,0.099708505,0.38008162,0.20273046,-0.072130255,0.4214273,0.267716,0.37047455,-0.18674465,0.317101,-0.091653384,-0.14288035,0.26220304,-0.16577955,-0.26706648,-0.14632693,-0.053909555,-0.0059515927,0.023848528,-0.048133608,0.05161439,-0.116841964,-0.08311156,-0.026567636,-0.36248165,-0.043864485,-0.02154302,0.1878332,0.2581616,0.2503231,-0.2227558,0.11013647,-0.0689464,0.22231437,-0.36739329,0.47945043,0.39297163,0.112634234,0.28012818,0.26128078,-0.17872326,0.3601427,-0.25900492,-0.22123532,0.35488716,-0.095511176,0.00010115916,-0.11635249,-0.017315637,-0.17000286,-0.25297636,-0.041847195,-0.03674869,-0.38436034,0.27372056,0.029224556,-0.37934095,0.17570198,-0.20819296,-0.100607455,-0.08570761
-0.056272857,-0.14509933,0.13688447,0.0273639,0.026400428,0.19330643,-0.049148444,0.11079534,-0.14142469,0.3126071,0.10168431,0.22289659,-0.23660442,0.07107864,0.091609724,0.05645258,-0.012616414,-0.0579994,0.09711905,-0.014668355,0.054648258,-0.12333252,-0.0031694213,-0.101833604,-0.024333557,-0.017287815,-0.09983766,-0.14887571,-0.17251319,0.01244305,0.18847619,-0.13395464,-0.11201219,0.09789703,-0.029659467,-0.016880155,0.09137501,0.08101584,-0.050877582,0.085366875,-0.020471424,-0.14630757,-0.12732954,-0.0069711893,-0.22730793,-0.18590434,0.10722044,0.006409506,-0.05943052,0.047228254,0.16195513,0.09518573,-0.17392309,0.09532995,-0.38286337,-0.33989608,0.10023808,-0.048716404,-0.036032014,-0.0034079775,-0.07305834,0.012111032,0.014563368,-0.12959638,0.0063179513,0.12948808,-0.031521257,0.084932774,0.0008837541,-0.01906711,0.09113444,0.11592191,0.37825108,-0.1259402,-0.19765104,0.30619746,-0.024515959,0.16581163,-0.008698404,-0.033361595
-0.21928446,-0.53135455,0.0273639,0.84454083,-0.40856126,0.72394603,0.11077047,-0.7136552,-0.028329516,0.534273,0.19972354,0.598636,-0.018165115,-0.29858223,0.38142928,-0.46392113,-0.255046,0.26817325,-0.4050469,0.39819667,-0.25237498,-0.44113898,-0.33364192,0.2804219,-0.66568935,-0.42001224,-0.4619941,0.54574764,-0.25869805,0.13354485,-0.057374045,-0.22756341,0.45283076,0.29232004,0.2909934,0.11655741,-0.13357548,-0.16708007,0.16030727,-0.22029117,0.22731373,0.3686161,0.24436352,0.6164009,0.43028355,0.3279703,-0.4821408,-0.44127333,-0.32477024,0.29789,-0.43833226,-0.03434073,-0.09816183,0.46392742,-0.19948709,-0.122527696,-0.34556955,-0.39138153,-0.37982324,0.30387345,-0.4867973,0.41359293,0.34665483,-0.38921857,0.14960879,-0.20354693,0.24385138,-0.1044758,0.28256708,0.45249283,-0.07324135,-0.12068934,0.047902733,-0.25938883,0.2616232,0.15268847,-0.25496882,0.087315015,0.18170623,0.19555584
0.09175211,0.21977895,0.026400428,-0.40856126,0.2092016,-0.30071667,-0.06895811,0.38427517,-0.02724748,-0.17239626,-0.06886874,-0.23028797,-0.060001936,0.16798075,-0.16142437,0.24526475,0.122114286,-0.14917059,0.22808008,-0.20067023,0.14040199,0.18162785,0.16363208,-0.16798776,0.32123297,0.2021159,0.1987617,-0.31256032,0.07731169,-0.06223911,0.08323113,0.073194094,-0.2559884,-0.11564219,-0.15216574,-0.062407315,0.092513226,0.10601875,-0.09389418,0.13353121,-0.118080266,-0.22444859,-0.15763448,-0.3060475,-0.27847216,-0.21594258,0.2690478,0.21950896,0.1428585,-0.13315739,0.26339403,0.044680238,-0.0022774627,-0.20102903,-0.013200872,-0.03863474,0.19965427,0.17883469,0.17683102,-0.15086702,0.21880004,-0.20045866,-0.16672929,0.15419446,-0.071947254,0.13813242,-0.12945741,0.076283276,-0.1391076,-0.22873177,0.06268565,0.09331212,0.086619616,0.091226645,-0.18664318,0.013937266,0.11860795,0.00526305,-0.092154756,-0.10617392
-0.24937862,-0.61519575,0.19330643,0.72394603,-0.30071667,0.8326997,0.02908846,-0.4444971,-0.19976546,0.8267826,0.29011753,0.76730955,-0.3103353,-0.15509298,0.42594168,-0.3083987,-0.22406329,0.1465916,-0.20952472,0.30690387,-0.1378738,-0.5143281,-0.27645725,0.10185032,-0.5740861,-0.3646321,-0.5020183,0.259801,-0.42674372,0.12461184,0.18853126,-0.3531584,0.22995144,0.36101487,0.20062394,0.074115284,0.0050231973,-0.035279103,0.06738763,-0.073304676,0.16008928,0.11833787,0.0405577,0.49473324,0.0675415,0.03568775,-0.25987464,-0.35240093,-0.33947682,0.30228302,-0.15573539,0.09083152,-0.29738814,0.4979675,-0.64109355,-0.52457505,-0.15705174,-0.38049993,-0.35521805,0.24392954,-0.4888309,0.35292384,0.30131552,-0.47974566,0.13008218,-0.0045252973,0.15979593,0.02074428,0.23188776,0.34575608,0.054000087,0.04620486,0.511528,-0.36914214,-0.033171304,0.5071219,-0.23886178,0.27839857,0.13754329,0.11805257
-0.009695081,-0.020102069,-0.049148444,0.11077047,-0.06895811,0.02908846,0.034979377,-0.14553459,0.050770275,-0.04443497,-0.010726057,-0.00039626326,0.08914014,-0.07047677,0.01929636,-0.0885684,-0.031764094,0.06103434,-0.09587642,0.062918976,-0.05746422,-0.015576607,-0.046723668,0.079792894,-0.08624014,-0.05366239,-0.027684903,0.13616894,0.029716102,0.0143685555,-0.08133375,0.019238623,0.10851944,0.004051019,0.053324457,0.023298044,-0.05463173,-0.055430077,0.042769585,-0.064765096,0.040609132,0.10971482,0.084497266,0.09129557,0.14998846,0.11922791,-0.110873885,-0.06590754,-0.023631547,0.024500003,-0.12580262,-0.04184693,0.05333592,0.029710772,0.11979622,0.11419526,-0.08853753,-0.03736,-0.040617563,0.04499579,-0.04163428,0.05474724,0.04417558,-0.0056853346,0.019052548,-0.07946794,0.047270935,-0.04795119,0.04026927,0.07242845,-0.04586691,-0.06229851,-0.13979411,0.011556655,0.11424733,-0.09679269,-0.027138568,-0.051749405,0.029488828,0.041043304
0.13688403,0.3230784,0.11079534,-0.7136552,0.38427517,-0.4444971,-0.14553459,0.7349248,-0.11441936,-0.16069113,-0.07501343,-0.30547163,-0.21705724,0.3318267,-0.24427666,0.46241438,0.21123324,-0.29228094,0.45083067,-0.3636335,0.2751271,0.26539993,0.28945866,-0.3461861,0.5597995,0.3512966,0.306824,-0.62518024,0.056983855,-0.1048563,0.23590721,0.06765004,-0.507399,-0.15994316,-0.28438595,-0.118834406,0.20711383,0.22629413,-0.19067745,0.27724087,-0.21949597,-0.46731997,-0.33967164,-0.5474032,-0.60115963,-0.47066787,0.5283834,0.393276,0.22627798,-0.21472166,0.54386425,0.123844646,-0.08518303,-0.31295815,-0.20207375,-0.22725117,0.40174472,0.29524153,0.2975962,-0.2698307,0.35494444,-0.35076496,-0.2896503,0.21370144,-0.124974646,0.306004,-0.24487916,0.1752518,-0.24692047,-0.41557878,0.1539683,0.2199852,0.33046037,0.10345052,-0.4240534,0.16761903,0.19944794,0.086707465,-0.1679085,-0.2043397
0.058153708,0.14994675,-0.14142469,-0.028329516,-0.02724748,-0.19976546,0.050770275,-0.11441936,0.14611548,-0.32300836,-0.1050694,-0.23032798,0.24445017,-0.07341457,-0.09467335,-0.058292165,0.013052332,0.059903797,-0.10031098,0.015127151,-0.05644264,0.12745205,0.003297565,0.105190456,0.025186338,0.017890017,0.10317964,0.15377387,0.17825064,-0.012864822,-0.19472104,0.13841157,0.11569459,-0.10116296,0.030622697,0.017431749,-0.094395265,-0.08369032,0.05255332,-0.088181935,0.021134429,0.15113284,0.13153419,0.0071597104,0.23481445,0.19204521,-0.11074195,-0.0065915077,0.06142335,-0.048814666,-0.16729435,-0.09833918,0.1796962,-0.098522626,0.39557078,0.3511736,-0.10353753,0.05035862,0.037252888,0.0034999629,0.0755142,-0.012541155,-0.01507017,0.13391998,-0.00653776,-0.13376711,0.03254947,-0.08774145,-0.00093258434,0.01966799,-0.094150886,-0.11975689,-0.39079508,0.1301336,0.20418598,-0.31635985,0.025346396,-0.17131506,0.0089742355,0.03445416
-0.24548323,-0.6138213,0.3126071,0.534273,-0.17239626,0.8267826,-0.04443497,-0.16069113,-0.32300836,0.979177,0.33308804,0.82057494,-0.52395993,-0.013547597,0.41337985,-0.13827011,-0.17079821,0.024848986,-0.016866785,0.1920428,-0.023242587,-0.51583326,-0.19447751,-0.06344251,-0.42713097,-0.27369633,-0.4765443,-0.01640269,-0.5200403,0.10210575,0.37698448,-0.418811,0.011396119,0.3769285,0.099215336,0.028883943,0.12330026,0.08196859,-0.020336607,0.061497316,0.08336067,-0.11042154,-0.13907702,0.3314448,-0.2516265,-0.21925294,-0.03828065,-0.23419604,-0.3116507,0.27004167,0.1051985,0.18737097,-0.43283755,0.4678436,-0.94348764,-0.80691975,0.023347775,-0.3258401,-0.29179928,0.163458,-0.43234354,0.25884646,0.22653426,-0.50024104,0.09783836,0.16671373,0.068666406,0.12567383,0.1607969,0.21302056,0.15670177,0.18384513,0.8482419,-0.41930336,-0.2820637,0.7507073,-0.19659266,0.4091261,0.08328021,0.037515465
-0.086280845,-0.21519062,0.10168431,0.19972354,-0.06886874,0.29011753,-0.010726057,-0.07501343,-0.1050694,0.33308804,0.11389155,0.28404206,-0.16953225,-0.014075287,0.1456876,-0.05966515,-0.0633626,0.016730607,-0.018606737,0.074866466,-0.015699036,-0.18066311,-0.07355278,-0.011339233,-0.15936288,-0.10190346,-0.16867308,0.012453846,-0.17608832,0.03726384,0.119686775,-0.1424365,0.0183963,0.1310375,0.041450627,0.013102478,0.035413384,0.020997453,-0.0013454907,0.012666924,0.034268305,-0.023619544,-0.03689853,0.12690815,-0.06714376,-0.060031746,-0.028017633,-0.08985849,-0.111044794,0.096754804,0.019668944,0.059298046,-0.14275219,0.16593055,-0.3106965,-0.2641606,-0.003706607,-0.11778549,-0.10643386,0.06258329,-0.1552277,0.096906684,0.08431198,-0.1739477,0.03641014,0.047136478,0.030068044,0.03712475,0.061032582,0.083395585,0.04814462,0.055353954,0.2750581,-0.14362992,-0.082440965,0.24701643,-0.07167706,0.13475421,0.032759633,0.018453851
-0.22900769,-0.56799763,0.22289659,0.598636,-0.23028797,0.76730955,-0.00039626326,-0.30547163,-0.23032798,0.82057494,0.28404206,0.7288386,-0.36603805,-0.09080946,0.38895583,-0.2218762,-0.18729745,0.090300076,-0.122147545,0.24099903,-0.08488221,-0.47585332,-0.22506203,0.03279718,-0.4759975,-0.30322245,-0.45446843,0.13761283,-0.42897043,0.10680509,0.24413936,-0.3507137,0.13141614,0.3395208,0.14777572,0.05170975,0.048522707,0.010897122,0.029727826,-0.017729988,0.11947357,0.02448739,-0.029164685,0.3966072,-0.05599551,-0.061603528,-0.15794107,-0.28180268,-0.30338988,0.26738074,-0.04711004,0.119754255,-0.3250705,0.449,-0.70462793,-0.58951396,-0.0782047,-0.3313444,-0.30473164,0.19556242,-0.43077594,0.2912372,0.25070438,-0.45094076,0.108247586,0.059347734,0.11385974,0.058098778,0.18791474,0.27027127,0.0880042,0.09376276,0.597628,-0.35973713,-0.122992836,0.5590057,-0.20505235,0.30577028,0.10697333,0.07921414
0.090044305,0.23336183,-0.23660442,-0.018165115,-0.060001936,-0.3103353,0.08914014,-0.21705724,0.24445017,-0.52395993,-0.16953225,-0.36603805,0.40998164,-0.13371964,-0.14573944,-0.11407773,0.013039572,0.10996559,-0.18260771,0.039281778,-0.10360137,0.19871922,-0.00608402,0.18646243,0.019116044,0.015418726,0.15722121,0.27731344,0.29040375,-0.016957339,-0.32908088,0.22456878,0.21011294,-0.15974464,0.061575733,0.033341445,-0.16321354,-0.14639916,0.09386092,-0.15579765,0.043419432,0.26670647,0.22945708,0.033500083,0.4094187,0.33401293,-0.20281483,-0.02644472,0.09186167,-0.0716187,-0.2962824,-0.16638128,0.29842454,-0.14933124,0.6575094,0.5856144,-0.18595548,0.07095518,0.049343523,0.016465101,0.109886184,-0.0066576167,-0.0132376505,0.21139248,-0.005769857,-0.2317859,0.06316994,-0.15102307,0.0082772905,0.048800763,-0.16070119,-0.20536576,-0.6547681,0.20955521,0.35209498,-0.5260853,0.03369318,-0.2847242,0.021404553,0.064686865
0.048331738,0.11192262,0.07107864,-0.29858223,0.16798075,-0.15509298,-0.07047677,0.3318267,-0.07341457,-0.013547597,-0.014075287,-0.09080946,-0.13371964,0.15351154,-0.08779419,0.20646237,0.08758541,-0.13440937,0.20866206,-0.15715072,0.1265302,0.091216534,0.12249407,-0.16500339,0.23370881,0.14630821,0.112941794,-0.29184502,-0.0059968946,-0.042394795,0.1333017,0.005291995,-0.23531833,-0.05084249,-0.1260886,-0.053473737,0.10405144,0.1103903,-0.08996998,0.13281004,-0.096894234,-0.22428851,-0.16670045,-0.23392309,-0.2953736,-0.23264827,0.24339937,0.16830501,0.08578008,-0.083005056,0.25956872,0.06932115,-0.06667923,-0.11633908,-0.15297174,-0.1561477,0.18834193,0.11697347,0.12019649,-0.115302436,0.13808905,-0.14698909,-0.12057955,0.06814213,-0.05202012,0.15276642,-0.10962037,0.0893783,-0.10481143,-0.18000332,0.081417054,0.11382319,0.20674111,0.021914793,-0.21489017,0.12489469,0.08049091,0.06590631,-0.072901934,-0.09270937
-0.12768981,-0.31450373,0.091609724,0.38142928,-0.16142437,0.42594168,0.01929636,-0.24427666,-0.09467335,0.41337985,0.1456876,0.38895583,-0.14573944,-0.08779419,0.2184517,-0.16786937,-0.11772572,0.08225616,-0.11869309,0.16377571,-0.07737214,-0.26277772,-0.14623375,0.06201305,-0.30226368,-0.19183867,-0.25811166,0.14942215,-0.21248403,0.065043874,0.085002996,-0.1765407,0.13069323,0.18355264,0.10864655,0.040604662,-0.004558445,-0.025094561,0.03972626,-0.045586664,0.086442776,0.074263304,0.031550992,0.26269114,0.053748533,0.033598904,-0.14616977,-0.18723029,-0.1751799,0.15643649,-0.095315225,0.040607013,-0.14383203,0.2563215,-0.30943888,-0.2510953,-0.091136105,-0.19776307,-0.18536945,0.12951826,-0.25324014,0.18604395,0.15850489,-0.24395885,0.06842638,-0.012629354,0.08716045,0.004280596,0.12279867,0.1847096,0.021411553,0.01532256,0.24115151,-0.18564315,-0.001958715,0.24451025,-0.12462663,0.13441113,0.073566265,0.06518765
0.094612904,0.22466373,0.05645258,-0.46392113,0.24526475,-0.3083987,-0.0885684,0.46241438,-0.058292165,-0.13827011,-0.05966515,-0.2218762,-0.11407773,0.20646237,-0.16786937,0.29241392,0.13781337,-0.18236549,0.280446,-0.2332281,0.17165671,0.1850115,0.18729162,-0.2123429,0.36422172,0.2287863,0.20917231,-0.38733628,0.05583573,-0.06909251,0.13156174,0.058470078,-0.31533653,-0.114097714,-0.18039343,-0.07488476,0.12367937,0.1372096,-0.117532365,0.16963261,-0.13949908,-0.28566825,-0.20532264,-0.35276186,-0.36316943,-0.28346166,0.32941756,0.25328344,0.15269485,-0.1438851,0.33337665,0.06948094,-0.035824772,-0.21263659,-0.0882639,-0.10926496,0.24840052,0.19605166,0.1961729,-0.17388956,0.23729546,-0.2278718,-0.1886725,0.15231402,-0.08140981,0.18334082,-0.15467323,0.103812605,-0.15956688,-0.26629075,0.08938278,0.12928382,0.1716891,0.080706954,-0.25206047,0.074470595,0.13151494,0.037704248,-0.10748114,-0.12828846
0.06779617,0.1645587,-0.012616414,-0.255046,0.122114286,-0.22406329,-0.031764094,0.21123324,0.013052332,-0.17079821,-0.0633626,-0.18729745,0.013039572,0.08758541,-0.11772572,0.13781337,0.0771616,-0.07885223,0.11879323,-0.11937048,0.07420489,0.13671106,0.100513205,-0.08113561,0.20112248,0.1269588,0.14223559,-0.15948156,0.083378285,-0.040589463,0.011234814,0.07277402,-0.13269743,-0.09110892,-0.08662714,-0.034538478,0.03727593,0.047690913,-0.046617184,0.06356589,-0.06775639,-0.10625483,-0.06946759,-0.18528686,-0.1222216,-0.09275489,0.14167185,0.13259903,0.099643886,-0.09116356,0.12673557,0.0072886026,0.03510897,-0.14267315,0.07229073,0.047754098,0.100793295,0.11934809,0.11546358,-0.09134368,0.14884318,-0.12486119,-0.1047942,0.12128574,-0.045227975,0.057114474,-0.07237985,0.028724372,-0.08506874,-0.1355705,0.019125666,0.03261212,-0.02652279,0.08209559,-0.07241132,-0.055752642,0.07751922,-0.031584933,-0.05440731,-0.057786085
-0.04552086,-0.10601568,-0.0579994,0.26817325,-0.14917059,0.1465916,0.06103434,-0.29228094,0.059903797,0.024848986,0.016730607,0.090300076,0.10996559,-0.13440937,0.08225616,-0.18236549,-0.07885223,0.11785664,-0.18267669,0.1399618,-0.11094581,-0.08660918,-0.10969058,0.14343537,-0.21002555,-0.1315655,-0.10508386,0.2549695,-0.0016622702,0.038425647,-0.111551926,-0.010188918,0.20591211,0.04946179,0.11156858,0.047140643,-0.08934451,-0.09543603,0.078399085,-0.115311556,0.085830666,0.19465002,0.14391488,0.20894223,0.25493118,0.2005145,-0.21333513,-0.1502748,-0.07914411,0.07616511,-0.22556816,-0.058125738,0.052555975,0.10793888,0.12122836,0.12581895,-0.16437487,-0.10660784,-0.10897398,0.10299033,-0.12648548,0.13196364,0.10844223,-0.06622601,0.0467853,-0.13136405,0.09676318,-0.076482885,0.093781725,0.16022252,-0.0691096,-0.09708485,-0.16950874,-0.024730321,0.18415284,-0.099238,-0.07299138,-0.052195013,0.06485089,0.081562646
0.06531359,0.15117602,0.09711905,-0.4050469,0.22808008,-0.20952472,-0.09587642,0.45083067,-0.10031098,-0.016866785,-0.018606737,-0.122147545,-0.18260771,0.20866206,-0.11869309,0.280446,0.11879323,-0.18267669,0.2836284,-0.21332665,0.1719683,0.123183265,0.16621056,-0.22440594,0.3170276,0.1984581,0.15277876,-0.39675993,-0.008975277,-0.05746985,0.18180695,0.0065310528,-0.31987357,-0.06851867,-0.17124775,-0.072646454,0.14164263,0.15019424,-0.12233733,0.18063924,-0.13158603,-0.30507246,-0.22683264,-0.31747034,-0.40192893,-0.31660894,0.3308164,0.22842307,0.116116114,-0.112409614,0.35302407,0.09453169,-0.09132879,-0.15741079,-0.20944303,-0.21354426,0.2560689,0.15849794,0.16293319,-0.15648335,0.18703388,-0.19940719,-0.16355722,0.09184061,-0.070561275,0.20793447,-0.14890918,0.12169972,-0.1422261,-0.24435924,0.11092632,0.15502217,0.2823863,0.0291273,-0.29256803,0.17096996,0.109108135,0.090240546,-0.09897104,-0.1259697
-0.0934239,-0.22460574,-0.014668355,0.39819667,-0.20067023,0.30690387,0.062918976,-0.3636335,0.015127151,0.1920428,0.074866466,0.24099903,0.039281778,-0.15715072,0.16377571,-0.2332281,-0.11937048,0.1399618,-0.21332665,0.1933369,-0.13172986,-0.18588969,-0.15885946,0.15470375,-0.31330866,-0.19728778,-0.2006228,0.29108292,-0.08870116,0.061320376,-0.06563745,-0.08163365,0.23918958,0.11990123,0.14512603,0.05914388,-0.082381636,-0.09629888,0.08695125,-0.12261922,0.11282046,0.2058822,0.14263426,0.29609194,0.25178403,0.19447823,-0.25223023,-0.212256,-0.14321265,0.13283591,-0.24238311,-0.035713665,-0.011668851,0.20246086,-0.01775112,0.010329749,-0.18552501,-0.1772291,-0.17427497,0.14596166,-0.21790914,0.19526842,0.1627706,-0.15979859,0.07024167,-0.12355893,0.122966595,-0.06716414,0.13490582,0.22018567,-0.053489327,-0.08119754,-0.053780768,-0.09847295,0.16514148,0.010920594,-0.11692124,0.00812779,0.08863049,0.10025135
0.042815465,0.099708505,0.054648258,-0.25237498,0.14040199,-0.1378738,-0.05746422,0.2751271,-0.05644264,-0.023242587,-0.015699036,-0.08488221,-0.10360137,0.1265302,-0.07737214,0.17165671,0.07420489,-0.11094581,0.1719683,-0.13172986,0.10444024,0.08145434,0.10323232,-0.13503903,0.19765146,0.12381311,0.09885233,-0.24002948,0.0014851221,-0.036158048,0.10507219,0.009527585,-0.19384283,-0.04650528,-0.10501486,-0.044373527,0.08412735,0.089855544,-0.073807605,0.108563125,-0.080787756,-0.18325944,-0.13550204,-0.19664632,-0.24002945,-0.18879691,0.2008267,0.141432,0.07445807,-0.071660034,0.21236481,0.05474799,-0.049542278,-0.10154137,-0.11426839,-0.11856901,0.15474524,0.1003101,0.102542795,-0.0969295,0.11900649,-0.124190204,-0.10205222,0.06226813,-0.044028435,0.12369099,-0.09108182,0.07201986,-0.08826097,-0.15079997,0.06508344,0.091423355,0.15970469,0.023216711,-0.17340377,0.093537234,0.068683565,0.049198836,-0.061037518,-0.07677689
0.15396282,0.38008162,-0.12333252,-0.44113898,0.18162785,-0.5143281,-0.015576607,0.26539993,0.12745205,-0.51583326,-0.18066311,-0.47585332,0.19871922,0.091216534,-0.26277772,0.1850115,0.13671106,-0.08660918,0.123183265,-0.18588969,0.08145434,0.31784987,0.16814888,-0.057543945,0.34993395,0.22233969,0.3093641,-0.15152498,0.2667245,-0.0762633,-0.12263648,0.22035524,-0.13496053,-0.22358812,-0.12065843,-0.044320837,-0.0069598733,0.017976277,-0.038778506,0.04089979,-0.09641687,-0.06566238,-0.019203959,-0.3003697,-0.03132806,-0.013739711,0.15335086,0.21389309,0.20885386,-0.18572804,0.08772117,-0.059271727,0.18817058,-0.30670956,0.40598717,0.33333734,0.09116011,0.233327,0.21741991,-0.14809932,0.3002046,-0.21500279,-0.18374336,0.29710066,-0.07932592,-0.0027865754,-0.09576611,-0.016238699,-0.1409646,-0.20931354,-0.036714662,-0.0330371,-0.32704815,0.22972648,0.02861077,-0.32128948,0.14621346,-0.17628308,-0.08321824,-0.07031843
0.08386746,0.20273046,-0.0031694213,-0.33364192,0.16363208,-0.27645725,-0.046723668,0.28945866,0.003297565,-0.19447751,-0.07355278,-0.22506203,-0.00608402,0.12249407,-0.14623375,0.18729162,0.100513205,-0.10969058,0.16621056,-0.15885946,0.10323232,0.16814888,0.13223693,-0.117014565,0.26283002,0.16572215,0.17774585,-0.22495942,0.09297899,-0.05230186,0.03335979,0.08278873,-0.18601166,-0.110515036,-0.117155135,-0.04720742,0.058146916,0.07086212,-0.06648087,0.092224866,-0.09136589,-0.1545156,-0.104136266,-0.24502736,-0.18354093,-0.14060889,0.19737494,0.1754916,0.125555,-0.1155724,0.1830635,0.01897697,0.029186564,-0.17876638,0.057661217,0.02953183,0.14278057,0.15259348,0.14871891,-0.12079203,0.18909423,-0.16346532,-0.13676131,0.1471909,-0.059021406,0.08805835,-0.09855013,0.046235956,-0.11209489,-0.18065552,0.034188136,0.054411832,0.0022400762,0.09586981,-0.11493718,-0.04339528,0.09981401,-0.025337439,-0.07260384,-0.07948611
-0.032710187,-0.072130255,-0.101833604,0.2804219,-0.16798776,0.10185032,0.079792894,-0.3461861,0.105190456,-0.06344251,-0.011339233,0.03279718,0.18646243,-0.16500339,0.06201305,-0.2123429,-0.08113561,0.14343537,-0.22440594,0.15470375,-0.13503903,-0.057543945,-0.117014565,0.1835772,-0.21878113,-0.13646053,-0.08418219,0.31705508,0.047966707,0.03772287,-0.17428744,0.027679175,0.25368166,0.024942428,0.12850165,0.055549376,-0.12240762,-0.125969,0.098960474,-0.14859208,0.09818087,0.25146475,0.19144589,0.22664493,0.33963418,0.26918963,-0.26028022,-0.16340941,-0.06794795,0.06826442,-0.2892178,-0.08994327,0.106663525,0.08855168,0.24075301,0.23329635,-0.20562916,-0.10056429,-0.10676639,0.111708075,-0.11491445,0.1383816,0.11238639,-0.033823412,0.048476875,-0.178575,0.113121286,-0.10672209,0.10057012,0.17775474,-0.100583635,-0.13780877,-0.29132918,0.009734254,0.25498697,-0.19500022,-0.07140269,-0.10393606,0.07223005,0.09730991
0.1738453,0.4214273,-0.024333557,-0.66568935,0.32123297,-0.5740861,-0.08624014,0.5597995,0.025186338,-0.42713097,-0.15936288,-0.4759975,0.019116044,0.23370881,-0.30226368,0.36422172,0.20112248,-0.21002555,0.3170276,-0.31330866,0.19765146,0.34993395,0.26283002,-0.21878113,0.5247701,0.3311395,0.3658812,-0.4267868,0.20724912,-0.10542856,0.04135453,0.18194467,-0.35435787,-0.2322119,-0.22857407,-0.09145371,0.10334224,0.12993996,-0.12521859,0.17175883,-0.1786088,-0.28733596,-0.18986443,-0.4853157,-0.33425665,-0.2545197,0.37753892,0.34740233,0.25698668,-0.23556863,0.34192404,0.025110686,0.08084466,-0.36731216,0.16489255,0.103408396,0.27012175,0.3092298,0.299869,-0.23925164,0.38487098,-0.32597864,-0.27331018,0.30917045,-0.11795548,0.15767471,-0.1914087,0.08055523,-0.22255866,-0.35598114,0.055829912,0.09269453,-0.045415863,0.20684642,-0.20202807,-0.126477,0.20130359,-0.07213717,-0.14292914,-0.15333527
0.11038599,0.267716,-0.017287815,-0.42001224,0.2021159,-0.3646321,-0.05366239,0.3512966,0.017890017,-0.27369633,-0.10190346,-0.30322245,0.015418726,0.14630821,-0.19183867,0.2287863,0.1269588,-0.1315655,0.1984581,-0.19728778,0.12381311,0.22233969,0.16572215,-0.13646053,0.3311395,0.20898259,0.23205763,-0.2669088,0.1330974,-0.0666349,0.023384633,0.116597526,-0.22177748,-0.1477705,-0.14366122,-0.057408243,0.06384161,0.08075519,-0.07820814,0.10705411,-0.11229602,-0.1790414,-0.117869645,-0.30582342,-0.20746495,-0.15779163,0.2364581,0.21889658,0.16283979,-0.149165,0.21322866,0.014473466,0.053437397,-0.23289546,0.10939256,0.07002376,0.16884622,0.19561909,0.18953785,-0.15076567,0.24364673,-0.2056557,-0.17249063,0.19673328,-0.07444414,0.09754787,-0.12020721,0.04956936,-0.14030422,-0.2241241,0.033895258,0.056780245,-0.034013793,0.13218044,-0.12453585,-0.08408544,0.12724239,-0.04783307,-0.08997268,-0.096181124
0.15063936,0.37047455,-0.09983766,-0.4619941,0.1987617,-0.5020183,-0.027684903,0.306824,0.10317964,-0.4765443,-0.16867308,-0.45446843,0.15722121,0.112941794,-0.25811166,0.20917231,0.14223559,-0.10508386,0.15277876,-0.2006228,0.09885233,0.3093641,0.17774585,-0.08418219,0.3658812,0.23205763,0.3056891,-0.19460377,0.24394213,-0.07811861,-0.08739184,0.20347767,-0.1686581,-0.215091,-0.13479124,-0.05087039,0.013347727,0.037463073,-0.05270264,0.0627803,-0.10697751,-0.10289063,-0.04927547,-0.32037967,-0.084830254,-0.05676764,0.18708937,0.22847016,0.2081815,-0.18640581,0.12985347,-0.041308805,0.16024889,-0.30389458,0.34401658,0.27665964,0.11949871,0.23658733,0.22258262,-0.15795876,0.30204433,-0.2254453,-0.19171159,0.2859205,-0.08275902,0.026425594,-0.10879423,0.002037782,-0.14941244,-0.22648188,-0.01828715,-0.008759241,-0.2612812,0.21524246,-0.014484424,-0.27151942,0.14962076,-0.14947271,-0.09029762,-0.082202904
-0.081486486,-0.18674465,-0.14887571,0.54574764,-0.31256032,0.259801,0.13616894,-0.62518024,0.15377387,-0.01640269,0.012453846,0.13761283,0.27731344,-0.29184502,0.14942215,-0.38733628,-0.15948156,0.2549695,-0.39675993,0.29108292,-0.24002948,-0.15152498,-0.22495942,0.31705508,-0.4267868,-0.2669088,-0.19460377,0.55665195,0.03384134,0.07635766,-0.27018157,0.00797303,0.44777414,0.08060302,0.23591329,0.10061871,-0.20352608,-0.21381946,0.17226334,-0.2556451,0.18098344,0.43201435,0.3235483,0.4313198,0.57351357,0.45263055,-0.46200904,-0.31051397,-0.1499707,0.14647815,-0.49899557,-0.14012916,0.14567797,0.20145042,0.33207223,0.3322351,-0.35978502,-0.20878032,-0.21638738,0.21259701,-0.24441296,0.26884595,0.21993048,-0.10824195,0.09487722,-0.29819626,0.2058593,-0.17567706,0.19272707,0.33371124,-0.16184898,-0.22475055,-0.43039337,-0.023671042,0.42151022,-0.27027705,-0.14485507,-0.14318345,0.13528322,0.17498784
0.12650974,0.317101,-0.17251319,-0.25869805,0.07731169,-0.42674372,0.029716102,0.056983855,0.17825064,-0.5200403,-0.17608832,-0.42897043,0.29040375,-0.0059968946,-0.21248403,0.05583573,0.083378285,-0.0016622702,-0.008975277,-0.08870116,0.0014851221,0.2667245,0.09297899,0.047966707,0.20724912,0.1330974,0.24394213,0.03384134,0.27732807,-0.050702196,-0.21213427,0.22247347,0.014180766,-0.19626069,-0.041962635,-0.0107737435,-0.07458407,-0.053129032,0.018565994,-0.044161376,-0.036035247,0.07807405,0.08837219,-0.1562979,0.15935217,0.13672316,-0.0005656957,0.11017918,0.15850794,-0.13659866,-0.078329384,-0.10570004,0.23613207,-0.23901854,0.5153705,0.44295007,-0.028632734,0.16337694,0.14498004,-0.0770864,0.21825086,-0.12513438,-0.11020719,0.26041025,-0.04760254,-0.10188404,-0.02711868,-0.07458501,-0.07657257,-0.09790117,-0.09041588,-0.10765224,-0.46929854,0.22130533,0.16862878,-0.4103398,0.09771881,-0.22344421,-0.03805672,-0.011992377
-0.037609067,-0.091653384,0.01244305,0.13354485,-0.06223911,0.12461184,0.0143685555,-0.1048563,-0.012864822,0.10210575,0.03726384,0.10680509,-0.016957339,-0.042394795,0.065043874,-0.06909251,-0.040589463,0.038425647,-0.05746985,0.061320376,-0.036158048,-0.0762633,-0.05230186,0.03772287,-0.10542856,-0.0666349,-0.07811861,0.07635766,-0.050702196,0.02160142,0.002286417,-0.043538075,0.06404459,0.051500797,0.043681275,0.017198144,-0.015410557,-0.021261971,0.022002693,-0.029313538,0.034283247,0.04884412,0.03056924,0.095861815,0.053642247,0.04013246,-0.06890859,-0.06854154,-0.05427371,0.049346983,-0.05879952,0.00031668766,-0.02571162,0.07815157,-0.0540071,-0.039422337,-0.04799373,-0.06403857,-0.06147626,0.047259692,-0.08039457,0.06532331,0.05501436,-0.068527475,0.02374497,-0.024065135,0.03620689,-0.011249833,0.044187896,0.06953858,-0.0060011107,-0.011932915,0.030055344,-0.048030715,0.029068446,0.042122193,-0.04128755,0.02353334,0.027862238,0.028553609
-0.053915486,-0.14288035,0.18847619,-0.057374045,0.08323113,0.18853126,-0.08133375,0.23590721,-0.19472104,0.37698448,0.119686775,0.24413936,-0.32908088,0.1333017,0.085002996,0.13156174,0.011234814,-0.111551926,0.18180695,-0.06563745,0.10507219,-0.12263648,0.03335979,-0.17428744,0.04135453,0.023384633,-0.08739184,-0.27018157,-0.21213427,0.002286417,0.27028042,-0.1616968,-0.20806362,0.10389682,-0.074474014,-0.03682837,0.14301515,0.13231248,-0.08936538,0.14442979,-0.054401185,-0.24652158,-0.2058854,-0.079583466,-0.36687106,-0.2973346,0.20467764,0.058958612,-0.046385173,0.03235258,0.27631858,0.13710693,-0.23229334,0.08086409,-0.51323646,-0.46181986,0.17943446,-0.023844434,-0.007401401,-0.039192937,-0.047103215,-0.029902594,-0.018887574,-0.13728467,-0.008105687,0.2042826,-0.071739346,0.13070248,-0.030772839,-0.077944465,0.1358437,0.17590988,0.5239531,-0.146875,-0.30625877,0.41124046,-0.00542788,0.22216973,-0.03275781,-0.068843976
0.10485015,0.26220304,-0.13395464,-0.22756341,0.073194094,-0.3531584,0.019238623,0.06765004,0.13841157,-0.418811,-0.1424365,-0.3507137,0.22456878,0.005291995,-0.1765407,0.058470078,0.07277402,-0.010188918,0.0065310528,-0.08163365,0.009527585,0.22035524,0.08278873,0.027679175,0.18194467,0.116597526,0.20347767,0.00797303,0.22247347,-0.043538075,-0.1616968,0.17913435,-0.004103535,-0.1610693,-0.04202734,-0.012180203,-0.053084303,-0.03542493,0.008994137,-0.026741564,-0.035341,0.04796936,0.060038354,-0.14101298,0.108604565,0.09455077,0.0155772455,0.09962867,0.13303137,-0.115241684,-0.04585077,-0.08037752,0.1853703,-0.19974472,0.4040902,0.34568197,-0.010604632,0.13899882,0.12442687,-0.06954331,0.18448783,-0.11024308,-0.096507676,0.2137611,-0.041681092,-0.071814634,-0.029013624,-0.05405153,-0.06843938,-0.09053225,-0.06729803,-0.079015166,-0.3635239,0.1792905,0.12136067,-0.32153395,0.083831176,-0.17522489,-0.035385218,-0.015743844
-0.071776524,-0.16577955,-0.11201219,0.45283076,-0.2559884,0.22995144,0.10851944,-0.507399,0.11569459,0.011396119,0.0183963,0.13141614,0.21011294,-0.23531833,0.13069323,-0.31533653,-0.13269743,0.20591211,-0.31987357,0.23918958,-0.19384283,-0.13496053,-0.18601166,0.25368166,-0.35435787,-0.22177748,-0.1686581,0.44777414,0.014180766,0.06404459,-0.20806362,-0.004103535,0.36081,0.07436787,0.19243757,0.08173852,-0.16077024,-0.17009641,0.13818622,-0.20428652,0.14781265,0.3450603,0.25700927,0.35560337,0.45543995,0.3589249,-0.3729467,-0.25589356,-0.12857884,0.12472137,-0.39912122,-0.10811662,0.10641666,0.17395204,0.24366076,0.24722327,-0.28909296,-0.17628571,-0.1815552,0.17527872,-0.2076512,0.22296408,0.18276809,-0.09971959,0.07884832,-0.23590279,0.16747215,-0.13828807,0.15921365,0.2740387,-0.12637484,-0.1763378,-0.3252168,-0.029594019,0.3322903,-0.19875038,-0.12156909,-0.105003975,0.11101527,0.14183342
-0.10786956,-0.26706648,0.09789703,0.29232004,-0.11564219,0.36101487,0.004051019,-0.15994316,-0.10116296,0.3769285,0.1310375,0.3395208,-0.15974464,-0.05084249,0.18355264,-0.114097714,-0.09110892,0.04946179,-0.06851867,0.11990123,-0.04650528,-0.22358812,-0.110515036,0.024942428,-0.2322119,-0.1477705,-0.215091,0.08060302,-0.19626069,0.051500797,0.10389682,-0.1610693,0.07436787,0.15867461,0.07530633,0.026912928,0.01599159,-0.0016349966,0.019029265,-0.016102856,0.06058055,0.024694096,-0.0033561995,0.1958358,-0.00792648,-0.014264059,-0.08701105,-0.1392737,-0.14421208,0.12754044,-0.037182145,0.05072675,-0.14499322,0.21278852,-0.31378287,-0.26082903,-0.04715685,-0.15889856,-0.14689404,0.09656183,-0.20574169,0.14231789,0.122153364,-0.21078351,0.05274004,0.018027598,0.058771726,0.021262057,0.09242641,0.13469079,0.035447504,0.03614074,0.26150963,-0.16620356,-0.043468677,0.24872234,-0.098820895,0.13619326,0.053410087,0.0418761
-0.06142463,-0.14632693,-0.029659467,0.2909934,-0.15216574,0.20062394,0.053324457,-0.28438595,0.030622697,0.099215336,0.041450627,0.14777572,0.061575733,-0.1260886,0.10864655,-0.18039343,-0.08662714,0.11156858,-0.17124775,0.14512603,-0.10501486,-0.12065843,-0.117155135,0.12850165,-0.22857407,-0.14366122,-0.13479124,0.23591329,-0.041962635,0.043681275,-0.074474014,-0.04202734,0.19243757,0.07530633,0.11149862,0.04609787,-0.07353106,-0.08240996,0.07135106,-0.10249036,0.08632347,0.17249352,0.12306959,0.2201298,0.21759659,0.1694909,-0.20143233,-0.15799586,-0.09784539,0.09184039,-0.20166136,-0.039510053,0.015251646,0.13677096,0.039448343,0.05433252,-0.15109693,-0.12449657,-0.12405213,0.1085114,-0.15126516,0.1428775,0.11848522,-0.10048498,0.05112628,-0.109246194,0.095351554,-0.061381936,0.09973819,0.16560413,-0.05211144,-0.076026194,-0.09176394,-0.0555929,0.14938879,-0.033974007,-0.08317971,-0.016758654,0.06680056,0.07879012
-0.02279595,-0.053909555,-0.016880155,0.11655741,-0.062407315,0.074115284,0.023298044,-0.118834406,0.017431749,0.028883943,0.013102478,0.05170975,0.033341445,-0.053473737,0.040604662,-0.07488476,-0.034538478,0.047140643,-0.072646454,0.05914388,-0.044373527,-0.044320837,-0.04720742,0.055549376,-0.09145371,-0.057408243,-0.05087039,0.10061871,-0.0107737435,0.017198144,-0.03682837,-0.012180203,0.08173852,0.026912928,0.04609787,0.019223962,-0.032971453,-0.03618695,0.030641183,-0.04445351,0.0356003,0.0749105,0.054267984,0.08916359,0.09602803,0.075115174,-0.08520011,-0.06404657,-0.037393853,0.03540515,-0.08725202,-0.019366229,0.012386513,0.051831394,0.02963963,0.034113444,-0.064618856,-0.048542246,-0.048816808,0.04395153,-0.05848312,0.057277005,0.04733678,-0.03594822,0.02042457,-0.04876176,0.039642453,-0.027833605,0.04025425,0.06757278,-0.024311107,-0.034858014,-0.050605644,-0.017946456,0.06741612,-0.024683958,-0.03272002,-0.012704844,0.027293226,0.033018902
8.291428e-05,-0.0059515927,0.09137501,-0.13357548,0.092513226,0.0050231973,-0.05463173,0.20711383,-0.094395265,0.12330026,0.035413384,0.048522707,-0.16321354,0.10405144,-0.004558445,0.12367937,0.03727593,-0.08934451,0.14164263,-0.082381636,0.08412735,-0.0069598733,0.058146916,-0.12240762,0.10334224,0.06384161,0.013347727,-0.20352608,-0.07458407,-0.015410557,0.14301515,-0.053084303,-0.16077024,0.01599159,-0.07353106,-0.032971453,0.08847386,0.08724714,-0.064812936,0.09993832,-0.0555416,-0.16966438,-0.13382408,-0.11645224,-0.23782471,-0.19017357,0.16270232,0.084365144,0.01694999,-0.02067248,0.19329184,0.07319754,-0.10462755,-0.016869696,-0.23332457,-0.21701495,0.13307424,0.036543883,0.04337837,-0.05738847,0.03668108,-0.0663229,-0.05248376,-0.020763544,-0.022627845,0.12795672,-0.0663102,0.07867439,-0.05051264,-0.09530275,0.07738624,0.10341581,0.2575102,-0.0416852,-0.18643339,0.18784292,0.028888136,0.10088233,-0.039003488,-0.058865495
0.012135076,0.023848528,0.08101584,-0.16708007,0.10601875,-0.035279103,-0.055430077,0.22629413,-0.08369032,0.08196859,0.020997453,0.010897122,-0.14639916,0.1103903,-0.025094561,0.1372096,0.047690913,-0.09543603,0.15019424,-0.09629888,0.089855544,0.017976277,0.07086212,-0.125969,0.12993996,0.08075519,0.037463073,-0.21381946,-0.053129032,-0.021261971,0.13231248,-0.03542493,-0.17009641,-0.0016349966,-0.08240996,-0.03618695,0.08724714,0.087981984,-0.06734915,0.10236988,-0.062661424,-0.17349708,-0.13429606,-0.13906884,-0.23844428,-0.1897835,0.17345327,0.100459315,0.03316924,-0.035052665,0.1986693,0.067993395,-0.08909048,-0.04075009,-0.1997441,-0.1892475,0.139185,0.054527976,0.06006452,-0.06853996,0.059899546,-0.082642995,-0.0664634,0.0026546582,-0.028663391,0.12675242,-0.073296085,0.07679682,-0.061158594,-0.11095412,0.07391566,0.100032516,0.22992297,-0.023380063,-0.18275678,0.16124344,0.040111646,0.08630472,-0.045217533,-0.063916616
-0.021351863,-0.048133608,-0.050877582,0.16030727,-0.09389418,0.06738763,0.042769585,-0.19067745,0.05255332,-0.020336607,-0.0013454907,0.029727826,0.09386092,-0.08996998,0.03972626,-0.117532365,-0.046617184,0.078399085,-0.12233733,0.08695125,-0.073807605,-0.038778506,-0.06648087,0.098960474,-0.12521859,-0.07820814,-0.05270264,0.17226334,0.018565994,0.022002693,-0.08936538,0.008994137,0.13818622,0.019029265,0.07135106,0.030641183,-0.064812936,-0.06734915,0.053547136,-0.07995422,0.054624744,0.13521586,0.10214626,0.1281113,0.18114144,0.14328334,-0.14216565,-0.092298225,-0.041482005,0.041051596,-0.15583187,-0.046222087,0.0517642,0.054953955,0.117323205,0.11524405,-0.111539,-0.059433155,-0.062314555,0.06314452,-0.06878309,0.079038285,0.064427055,-0.02564701,0.027791848,-0.09474332,0.062540606,-0.05624449,0.057046123,0.09979646,-0.052455373,-0.07231544,-0.14621966,-0.00077632803,0.13464643,-0.09522227,-0.041695338,-0.05062366,0.040504456,0.05348694
0.023754932,0.05161439,0.085366875,-0.22029117,0.13353121,-0.073304676,-0.064765096,0.27724087,-0.088181935,0.061497316,0.012666924,-0.017729988,-0.15579765,0.13281004,-0.045586664,0.16963261,0.06356589,-0.115311556,0.18063924,-0.12261922,0.108563125,0.04089979,0.092224866,-0.14859208,0.17175883,0.10705411,0.0627803,-0.2556451,-0.044161376,-0.029313538,0.14442979,-0.026741564,-0.20428652,-0.016102856,-0.10249036,-0.04445351,0.09993832,0.10236988,-0.07995422,0.12038178,-0.07822702,-0.20379128,-0.155734,-0.17910932,-0.27633148,-0.21922675,0.20931844,0.12918715,0.05144695,-0.05214294,0.23415592,0.074458785,-0.09053289,-0.06639328,-0.2039893,-0.19653359,0.16593581,0.07757761,0.08293581,-0.08827785,0.08801167,-0.10875942,-0.088155895,0.021951914,-0.038023945,0.14565602,-0.09042119,0.08732464,-0.079331495,-0.14097053,0.08270735,0.11298966,0.24373224,-0.012287438,-0.20844848,0.16508023,0.055450086,0.0880839,-0.057317663,-0.078011125
-0.048957985,-0.116841964,-0.020471424,0.22731373,-0.118080266,0.16008928,0.040609132,-0.21949597,0.021134429,0.08336067,0.034268305,0.11947357,0.043419432,-0.096894234,0.086442776,-0.13949908,-0.06775639,0.085830666,-0.13158603,0.11282046,-0.080787756,-0.09641687,-0.09136589,0.09818087,-0.1786088,-0.11229602,-0.10697751,0.18098344,-0.036035247,0.034283247,-0.054401185,-0.035341,0.14781265,0.06058055,0.08632347,0.0356003,-0.0555416,-0.062661424,0.054624744,-0.07822702,0.0668807,0.13160694,0.093454994,0.1714232,0.1651936,0.12850212,-0.15491524,-0.123010054,-0.07740343,0.07248778,-0.15403666,-0.028953787,0.008527384,0.10843334,0.023349797,0.035779584,-0.115821265,-0.09796707,-0.09737572,0.08450238,-0.11929924,0.11158526,0.09262254,-0.0808157,0.039967205,-0.08264007,0.07370332,-0.04619762,0.077747874,0.12869509,-0.038852897,-0.05701211,-0.06421096,-0.045758512,0.11260871,-0.020564025,-0.06529945,-0.009858525,0.05189292,0.06076065
-0.0384978,-0.08311156,-0.14630757,0.3686161,-0.22444859,0.11833787,0.10971482,-0.46731997,0.15113284,-0.11042154,-0.023619544,0.02448739,0.26670647,-0.22428851,0.074263304,-0.28566825,-0.10625483,0.19465002,-0.30507246,0.2058822,-0.18325944,-0.06566238,-0.1545156,0.25146475,-0.28733596,-0.1790414,-0.10289063,0.43201435,0.07807405,0.04884412,-0.24652158,0.04796936,0.3450603,0.024694096,0.17249352,0.0749105,-0.16966438,-0.17349708,0.13521586,-0.20379128,0.13160694,0.3450352,0.26403472,0.30039188,0.46853054,0.37183806,-0.3533825,-0.21669771,-0.08484184,0.086294904,-0.39630058,-0.1270443,0.15583643,0.10905263,0.35091987,0.33741382,-0.28049934,-0.1288943,-0.13817361,0.14805388,-0.1458128,0.18202141,0.14742762,-0.03375437,0.06358854,-0.24719237,0.15230654,-0.14836976,0.13295701,0.23674646,-0.1407757,-0.19211763,-0.4174299,0.023552803,0.35404694,-0.28389975,-0.09237157,-0.15154095,0.096281715,0.13154761
-0.014552395,-0.026567636,-0.12732954,0.24436352,-0.15763448,0.0405577,0.084497266,-0.33967164,0.13153419,-0.13907702,-0.03689853,-0.029164685,0.22945708,-0.16670045,0.031550992,-0.20532264,-0.06946759,0.14391488,-0.22683264,0.14263426,-0.13550204,-0.019203959,-0.104136266,0.19144589,-0.18986443,-0.117869645,-0.04927547,0.3235483,0.08837219,0.03056924,-0.2058854,0.060038354,0.25700927,-0.0033561995,0.12306959,0.054267984,-0.13382408,-0.13429606,0.10214626,-0.155734,0.093454994,0.26403472,0.2052059,0.20514683,0.36441815,0.29034254,-0.26166913,-0.14827302,-0.045332894,0.048824012,-0.3020143,-0.105703145,0.14139746,0.054379962,0.31660154,0.298619,-0.2108085,-0.07740786,-0.08630547,0.10110481,-0.08388284,0.12095362,0.096989736,0.0037212092,0.04182616,-0.19422726,0.1097618,-0.11805991,0.08998534,0.16446859,-0.114183374,-0.15409172,-0.3607592,0.041834146,0.2806894,-0.25540772,-0.057608902,-0.13681875,0.0670811,0.09606172
