0.462069,-0.42275554,-0.17488265,0.15587711,0.36573887,0.10167711,0.2506682,0.21737218,0.011579117,-0.16976798,-0.14429966,-0.023784757,-0.06679382,-0.009725977,0.16184716,-0.19193229,-0.06556265,0.17154138,0.103010304,-0.117654756,-0.15423952,0.064681835,-0.25510594,0.17355491,0.28333762,-0.0039840364,0.27965137,-0.31221014,-0.13940533,0.2947717,0.119323984,0.13603859,-0.0479204,0.216825,-0.047501918,-0.15463223,-0.08877981,0.23849846,-0.0553622,0.22202075,0.016344318,-0.023409111,-0.14737679,-0.18008369,-0.1785316,-0.0013859055,-0.07540652,-0.09014763,-0.07712888,-0.0056440947,-0.043290857,0.16294302,0.16459198,-0.008045814,-0.066112585,0.05490593,-0.084360756,-0.2019021,-0.037881862,0.11021168,-0.02598543,-0.21236764,-0.08854971,-0.16203414,-0.06302074,0.17816912,0.09050742,0.08885198,-0.0043548015,-0.027831681,0.019585794,-0.06478577,0.14827983,-0.056194477,-0.083409354,-0.29144242,0.24604899,-0.06523784,0.12649882,-0.28222525
-0.42275554,0.74626726,-0.0003972869,-0.36191878,-0.39911667,-0.05850693,-0.1744267,-0.43867,0.056268852,0.0025598225,0.15979765,-0.05676281,0.014662578,0.17854017,-0.28045803,0.29552054,0.024340944,-0.11248496,-0.35754332,0.28222018,0.2710385,-0.15185055,0.39022598,-0.2400437,-0.018834975,-0.078043796,-0.27491015,0.28317928,-0.016653651,-0.23174977,-0.3503525,-0.18795083,-0.07775618,-0.20717408,-0.05028203,0.27327037,-0.25018078,-0.1569225,-0.15045056,-0.37364948,-0.2185719,0.22720537,0.1353174,0.35751456,0.16266625,0.14595516,-0.050714236,0.12444144,0.14985016,0.08858294,-0.0056570503,-0.17723396,-0.016476305,-0.10382748,-0.2383135,-0.224412,0.20303737,0.112099424,0.053851802,0.09357808,-0.00285519,0.22658183,0.20592998,0.3167859,0.05026758,-0.06808508,-0.15990709,-0.16748919,0.12446989,-0.1746485,-0.20330802,0.16341525,-0.13879474,0.27947748,0.25370315,0.19616897,-0.24724483,0.008749757,-0.20935334,0.29526198
-0.17488265,-0.0003972869,0.42316833,0.09672213,0.3409322,0.09988083,-0.19941139,0.3289562,-0.011152559,0.094877414,0.10016649,0.055651236,0.20615843,-0.07662636,0.066997394,-0.35872573,0.22185262,-0.15591653,0.21785481,-0.016101057,0.024137404,-0.0019672906,-0.016916422,-0.12850668,-0.0011050464,-0.13921662,-0.15713982,0.101597965,0.14883001,-0.100790374,-0.1783999,-0.04169695,-0.008718272,0.19638233,0.17409842,0.0022228078,0.2404406,-0.12960725,0.23380521,-0.05937596,0.05912215,-0.027825473,0.22677,0.16938895,0.012304665,0.092047766,0.16600102,0.15056571,0.024258029,0.16965093,-0.05823355,0.0868732,-0.12966491,0.1252295,0.36553213,0.14866614,0.24362767,0.13754766,0.099853724,-0.023669275,0.16221659,-0.016020529,0.21102034,-0.1092746,0.03326923,-0.25389037,-0.11728359,-0.17946072,-0.21000367,0.1745538,0.12339385,-0.07837675,0.042065553,-0.17188707,0.15279663,0.11110463,0.14776427,0.102886744,-0.05575225,-0.010667273
0.15587711,-0.36191878,0.09672213,0.42924175,0.32066992,0.025882559,0.040772334,-0.081872955,0.0812058,0.08593461,0.08878606,0.13561828,0.015880713,-0.06990863,0.29656857,-0.0998109,0.19382393,-0.0017450921,0.3668544,-0.10150915,-0.02801839,0.12095061,-0.015519323,0.20128642,0.15516001,0.056895893,0.33082893,-0.21162827,-0.008545053,-0.26479617,0.21323909,0.06045806,0.030479394,0.09492267,0.23424323,-0.06457974,0.1715001,0.07043809,-0.03616558,0.24865058,-0.050011646,-0.12051884,-0.11864006,-0.1736419,-0.03820159,-0.18762329,0.3204239,-0.101290084,-0.14462559,-0.025184458,-0.027345764,0.11795035,-0.04240034,0.041447915,0.21350162,0.20337692,0.04687552,0.024288831,0.01183679,-0.23359358,-0.042064033,-0.10850245,-0.011131506,-0.20292889,-0.024265237,-0.23887153,0.06095703,-0.023206763,-0.09212062,0.24613024,0.06768399,-0.18704565,-0.008730364,-0.25853807,-0.15667191,-0.024331642,-0.106030226,0.12978819,0.01816337,-0.17431049
0.36573887,-0.39911667,0.3409322,0.32066992,1.5456072,0.08371952,-0.28920272,0.5158791,-0.19318458,-0.17818184,-0.22544466,-0.07244754,0.17382656,-0.087905645,0.36284655,-1.1219742,0.30261114,-0.117702596,0.4007662,-0.0038974609,-0.33634734,-0.08288997,-0.29597032,0.10743333,0.26576334,-0.5936846,-0.10308257,-0.42453006,-0.253886,0.12045836,-0.50590754,0.16707948,-0.32932633,0.4912979,0.4748646,-0.12613156,0.025230948,-0.06701086,-0.048170682,-0.020791719,-0.32807255,-0.07468207,0.10670665,0.30231035,-0.007448424,0.40316173,0.11791333,-0.13617992,-0.028553843,0.12627374,-0.05029166,0.13033445,0.04271771,0.24216406,0.27878526,0.23510364,0.47173086,-0.024345579,0.28335387,0.17866167,0.16570629,-0.38636416,0.32292312,-0.47837412,-0.44880247,-0.009751168,-0.18440583,-0.28044844,-0.24152513,-0.032237075,-0.007823835,-0.15507445,0.32515946,-0.28957114,0.06468329,-0.0652581,0.8157034,0.07269119,-0.22174682,-0.2136718
0.10167711,-0.05850693,0.09988083,0.025882559,0.08371952,0.5749157,0.30790848,0.50566167,0.2715771,0.31050727,0.08124222,0.23685232,0.17816022,0.1106621,0.10559286,0.2601114,0.08295696,0.085194886,0.097577065,-0.07081961,0.11300458,-0.009323376,-0.51048285,0.034949712,0.42851675,0.40187937,-0.020191154,-0.18044306,-0.062442727,0.061729986,-0.06392232,-0.02646126,-0.19582206,0.38091436,-0.06386071,0.01041747,-0.03879206,0.14000197,0.30870757,0.1972518,0.11939445,0.03179322,0.17551449,-0.006205458,-0.18092674,0.22827229,-0.0057576536,0.30770704,-0.03499193,0.07255169,0.11089326,0.10510976,0.25171852,0.19490506,0.06209793,0.17088448,0.113400385,0.04027038,0.058529597,0.12907518,0.06494367,-0.20646581,-0.0081917895,-0.19852914,-0.0021796774,0.14158775,-0.06386393,-0.0129918745,-0.117741175,0.009180732,-0.042770818,0.0305358,0.05728,0.08279866,0.37301627,-0.15572028,-0.14042683,0.19592404,0.09747771,-0.13647844
0.2506682,-0.1744267,-0.19941139,0.040772334,-0.28920272,0.30790848,0.6673943,0.33774146,0.24472056,0.22206946,0.10543819,0.12632054,-0.030243684,0.23632647,-0.16249853,0.37362942,-0.1353103,0.24679291,-0.19609709,-0.008818872,0.07882082,0.11917762,0.10602534,0.057154197,0.30052668,0.37175748,0.2500324,-0.31101003,0.025110703,-0.046920028,0.25641614,0.018307364,-0.037627995,0.11779158,-0.30465087,-0.11428808,0.06704196,0.33371884,-0.14216249,0.2826894,0.32220474,0.050529778,-0.03783203,-0.2800566,-0.06553182,-0.27648854,0.056684814,0.12801908,0.066105016,0.2625841,0.18806806,0.09823784,0.152018,-0.10799839,-0.13016152,0.09640388,-0.37301418,-0.26328823,-0.25484425,0.03960715,-0.00906453,-0.07867763,-0.31630832,-0.1430544,0.18375242,0.20701154,0.06957086,0.022010582,0.16494897,-0.021939237,0.008289799,0.052360557,-0.009856352,0.032608416,0.080596246,-0.0033636992,-0.3061041,-0.006288196,0.3610043,-0.24905461
0.21737218,-0.43867,0.3289562,-0.081872955,0.5158791,0.50566167,0.33774146,1.6231931,-0.069567025,0.40114704,-0.1566189,0.15278877,0.29870617,0.07945002,-0.061975483,-0.51326436,-0.104606174,0.09095155,-0.0616493,-0.21335697,-0.19079103,-0.06550558,-0.40199763,-0.16989526,-0.105718054,-0.018935801,-0.52264774,-0.24061543,0.13695689,0.48001727,-0.08236246,0.057075273,-0.22106236,0.59472567,-0.21580015,-0.28716785,0.36845976,0.14891,0.32650957,0.16566709,0.6265272,-0.13441241,0.32701913,-0.104096,-0.12490662,0.17980762,-0.13595912,0.28981766,0.10119426,0.3242439,0.30244565,0.18698946,0.13737594,0.2773987,0.38517004,0.30876514,-0.18788096,-0.12693717,0.06716092,0.28725076,0.26824474,-0.3414683,-0.30942026,-0.5118915,-0.017863972,0.42621017,-0.103291735,-0.08471646,-0.29800913,-0.03258973,0.2539698,0.09823713,0.17595966,-0.18812445,0.36955962,0.13576142,0.4968415,-0.02403613,0.26820514,-0.19446966
0.011579117,0.056268852,-0.011152559,0.0812058,-0.19318458,0.2715771,0.24472056,-0.069567025,0.35148937,0.14997937,0.23849799,0.15856676,-0.00935907,0.01646698,-0.041792396,0.34291723,0.033068378,0.024373418,0.004991111,-0.0127414325,0.13342571,-0.00945802,-0.2105498,0.005437595,0.23776188,0.13793607,-0.0045293146,-0.27384633,0.021706097,-0.3557057,-0.027744615,-0.10333201,-0.17442514,-0.174495,-0.090899095,0.1059894,-0.1326159,0.118469246,-0.018530162,0.21913767,-0.11609824,0.0658758,0.0110861845,-0.15841772,-0.098746024,-0.02172213,0.08742966,0.18197665,-0.114895925,0.016079111,-0.09922804,0.114409246,0.12297803,-0.020203402,-0.0071629896,0.07509447,0.105314285,0.013992516,-0.010782525,-0.011690002,-0.002162965,-0.008302256,-0.031017352,0.009714038,0.077583276,-0.19726884,-0.04050908,-0.06032145,0.0018371713,0.07800836,-0.07400206,0.011585741,-0.043745484,0.11718784,0.20037219,-0.11156171,-0.21292385,0.18691055,0.06865038,-0.13026087
-0.16976798,0.0025598225,0.094877414,0.08593461,-0.17818184,0.31050727,0.22206946,0.40114704,0.14997937,0.7853736,0.14353734,0.3412738,0.18680172,0.20888291,0.041174054,0.3777776,0.07726144,0.046420503,-0.025215553,-0.012156521,0.16586737,-0.015799133,-0.09674521,0.07194812,-0.3046327,0.2482296,-0.39348856,-0.29318437,0.058873374,-0.49509618,0.14851797,-0.03275892,-0.26395577,-0.010114814,-0.106009975,-0.04351971,0.18814817,-0.021277493,-0.14834498,0.13290499,0.20944254,-0.24331467,0.05792951,-0.20441444,0.116401106,-0.08145783,0.2370142,0.15517473,-0.028282933,-0.0030434718,0.37454346,-0.0961683,0.06466714,0.17161673,0.09690039,0.22515662,-0.16117552,0.13801888,0.05967457,-0.23705581,-0.120327614,-0.14942105,-0.4092422,-0.3099123,-0.11527524,0.13198073,-0.04374875,-0.031302195,-0.16985583,0.026920522,-0.047659997,0.072684884,-0.25995886,-0.091656275,0.1994431,0.4843816,-0.44315025,0.19330485,0.03320423,0.11956122
-0.14429966,0.15979765,0.10016649,0.08878606,-0.22544466,0.08124222,0.10543819,-0.1566189,0.23849799,0.14353734,0.31576356,0.14711219,0.033415902,0.063384734,-0.028528644,0.1909717,0.10706142,-0.018664842,-0.020167854,0.022812787,0.25414273,0.004358725,0.24299029,-0.09620442,0.063695475,-0.045235813,-0.008950593,-0.06764342,0.13846469,-0.41632,0.053694095,-0.14638302,-0.04798491,-0.14665718,-0.06345275,0.110679016,-0.01068591,0.0879175,-0.1514033,0.07324743,-0.034906138,0.058865286,-0.012228098,-0.11669166,-0.036943376,-0.18356799,0.23173103,0.13492876,-0.07515882,0.122040816,-0.12159547,0.14723726,-0.013589303,-0.10720142,0.096115485,0.03911675,0.1029728,0.044962253,0.015629303,-0.11861247,-0.0221419,0.076083764,-0.01520803,0.09005473,0.20032196,-0.34302464,-0.03991546,-0.14172626,-0.09084547,0.1836199,0.0070138783,-0.023310877,-0.17376347,-0.027792256,0.15884657,0.08823397,-0.2699132,0.10146239,-0.007065904,-0.054606374
-0.023784757,-0.05676281,0.055651236,0.13561828,-0.07244754,0.23685232,0.12632054,0.15278877,0.15856676,0.3412738,0.14711219,0.327599,0.038973596,0.07164328,0.18752286,0.29970035,0.018914413,-0.01152474,0.015734667,-0.15480489,0.126983,-0.114749104,0.022512438,-0.00582444,0.070436314,0.25041187,-0.04409235,-0.007600962,-0.042055413,-0.11127746,0.17968722,-0.1482167,-0.07146116,0.16408339,0.12150094,0.11352597,0.034523506,0.14581625,0.09251063,0.22102675,0.088982224,0.0125856735,-0.02968701,-0.1850785,-0.08496449,-0.051455025,0.16724157,0.036367703,-0.16578293,-0.111108154,0.18170959,0.080553725,0.16031021,0.11756732,0.16607922,0.16818397,0.030949581,0.10901196,0.20435117,-0.075902514,-0.0034007933,-0.09474257,-0.21535468,-0.13506228,0.06858923,-0.02040888,-0.020467624,-0.036625214,-0.1359681,0.155834,0.034936264,0.029075673,-0.13261966,-0.07798821,0.17530368,0.039313924,-0.2960431,0.17121042,-0.07477615,0.025056839
-0.06679382,0.014662578,0.20615843,0.015880713,0.17382656,0.17816022,-0.030243684,0.29870617,-0.00935907,0.18680172,0.033415902,0.038973596,0.24903099,0.086074576,0.13355096,-0.1483601,0.21933042,0.052047823,0.19082427,0.039980043,0.17005213,0.110209346,-0.17693983,0.01853301,0.021407403,-0.016188353,-0.07315986,-0.012916113,0.09658943,0.00040245077,-0.025774505,0.082820594,-0.047876026,0.2817405,-0.10677955,-0.114823125,0.091437556,-0.057703663,0.054568186,-0.118622266,0.12231142,-0.1338195,0.11720811,0.111014485,-0.054904252,0.10717602,0.08345863,0.20212203,0.06299326,0.1510932,-0.035459936,0.07109081,-0.024258459,0.080813095,0.09710966,0.04410044,0.10743218,0.08214245,0.0046420945,-0.05463263,-0.05311198,-0.117112,0.102034755,-0.07642876,-0.018132143,-0.003220887,-0.017832562,-0.019617582,-0.2599527,0.047240693,0.015518104,-0.070095256,-0.07094394,-0.09600527,0.16079497,0.114404835,-0.0078864,0.0016630893,0.0036416037,-0.029456578
-0.009725977,0.17854017,-0.07662636,-0.06990863,-0.087905645,0.1106621,0.23632647,0.07945002,0.01646698,0.20888291,0.063384734,0.07164328,0.086074576,0.3334836,-0.029953528,0.16658328,0.049236067,0.13762301,-0.19037586,0.14357533,0.22763534,0.036466245,0.41074964,-0.006880967,0.13793807,0.12474508,0.088477135,-0.004559248,-0.046941683,-0.038710568,0.0713746,0.0005377529,-0.032078136,0.26064712,-0.12874562,-0.024056137,-0.0051997937,0.124847315,-0.2682445,-0.109873466,0.1542748,0.044539787,-0.008687938,0.072533324,0.05992888,-0.10296798,0.11739173,0.05354326,0.14307585,0.23515454,0.21260643,-0.027433949,0.072986454,-0.07515151,-0.1633872,-0.026461143,-0.12836623,-0.087765016,-0.05887893,-0.006311456,-0.08968157,-0.053611744,-0.10498923,-0.043623097,0.0590852,0.19961353,-0.011307711,-0.0737825,0.023988374,-0.08616494,-0.08026104,0.052997783,-0.13907178,-0.013814343,0.12791014,0.23222472,-0.30528316,-0.066822685,0.02772659,0.024142198
0.16184716,-0.28045803,0.066997394,0.29656857,0.36284655,0.10559286,-0.16249853,-0.061975483,-0.041792396,0.041174054,-0.028528644,0.18752286,0.13355096,-0.029953528,0.62897646,-0.07215437,0.25671542,0.071257755,0.47142637,-0.19545281,0.15900785,0.070086956,-0.28449652,0.22463627,0.20906827,0.11730845,0.32339585,0.09136345,-0.108418345,0.2348943,0.2964498,0.07775279,0.082270764,0.48895702,0.19173391,-0.04603487,-0.047479294,0.09326798,0.15758434,0.084549665,-0.034783177,-0.14944321,-0.17244087,-0.07184614,-0.26221976,0.09231732,0.15600339,-0.053964064,-0.22704421,-0.23961067,-0.092154406,0.19143428,0.12828727,0.14596952,0.1521885,0.077749826,0.22988747,0.17121601,0.24647519,-0.16441874,-0.1812157,-0.23801807,0.071455054,-0.078105964,-0.042742394,-0.04993467,0.11565478,0.13596141,-0.39362878,0.22801337,0.045731187,-0.19250923,-0.11180973,-0.22620738,-0.0109281605,-0.21275471,-0.07836081,0.0453607,-0.19884676,-0.06694432
-0.19193229,0.29552054,-0.35872573,-0.0998109,-1.1219742,0.2601114,0.37362942,-0.51326436,0.34291723,0.3777776,0.1909717,0.29970035,-0.1483601,0.16658328,-0.07215437,1.331233,-0.17337292,0.09411618,-0.21623024,-0.023520896,0.2745092,-0.011002941,-0.008300395,0.10260141,0.22774811,0.9798728,0.29253754,0.23238216,-0.09452741,-0.18478057,0.39183196,-0.17363778,0.13024281,-0.14707722,-0.09014767,0.24414794,-0.13189691,0.12739536,0.20791343,0.22384366,0.108406276,0.13455713,-0.0854392,-0.19974919,-0.010963954,-0.15901302,-0.00249494,0.08941097,-0.07053498,-0.27878478,0.30424422,-0.20992121,0.2045934,0.0006210256,-0.2956644,-0.03944242,-0.2665657,0.10793973,-0.097787455,-0.13869074,-0.14186862,0.1636262,-0.26796085,0.18409804,0.19657704,0.16626856,0.109735325,0.2347543,0.3050275,-0.008444035,-0.1539338,0.14516968,-0.20974481,0.31203997,0.056353036,-0.07411687,-0.9944128,0.19545616,0.09229183,0.19346964
-0.06556265,0.024340944,0.22185262,0.19382393,0.30261114,0.08295696,-0.1353103,-0.104606174,0.033068378,0.07726144,0.10706142,0.018914413,0.21933042,0.049236067,0.25671542,-0.17337292,0.37484735,0.009621826,0.37104183,0.098200426,0.20804094,0.17486328,-0.08389726,0.11729988,0.1795558,-0.056049865,0.17576124,-0.042915013,0.050923336,-0.22051162,-0.032382347,0.10166708,-0.0098300595,0.2278722,0.06512397,-0.06688351,0.057245288,-0.09349229,-0.036191773,-0.11817484,-0.09550091,-0.121991225,0.04251504,0.16775025,-0.029945882,0.053171456,0.24786058,0.12171012,0.018678464,0.13092059,-0.15369424,0.078994334,-0.086563,0.034384135,0.094240695,0.044576705,0.25380722,0.12102326,-0.0028691855,-0.17473865,-0.10329709,-0.085354276,0.2749475,-0.03652311,-0.045450088,-0.22638975,-0.007392126,-0.06257218,-0.23136127,0.13323796,-0.036869343,-0.17824489,-0.07840474,-0.1485471,0.052577212,0.06798918,-0.09824086,0.06045082,-0.074863,-0.065562986
0.17154138,-0.11248496,-0.15591653,-0.0017450921,-0.117702596,0.085194886,0.24679291,0.09095155,0.024373418,0.046420503,-0.018664842,-0.01152474,0.052047823,0.13762301,0.071257755,0.09411618,0.009621826,0.22736599,0.021276953,0.0062946966,0.14381029,0.1632021,-0.08186004,0.12001462,0.07472422,0.08175469,0.18175209,-0.1355518,0.031480324,0.12242455,0.2319208,0.12608765,0.021640854,0.14005107,-0.30574483,-0.16774459,-0.05215946,0.14943388,-0.1630613,0.0150309205,0.16259088,-0.101003334,-0.11325408,-0.13762553,-0.11989626,-0.09727301,-0.021013271,0.072036445,0.02815488,0.08483574,-0.0399275,0.098428994,0.07058876,-0.08746805,-0.15939987,-0.058097035,-0.17042571,-0.11366005,-0.13998564,-0.04061989,-0.17080298,-0.102921136,-0.117487274,0.011532299,0.058114335,0.15452832,0.121243685,0.13191317,-0.08761313,-0.02608894,-0.01450607,-0.04049523,-0.09310396,-0.013770748,-0.0092132725,-0.033203043,-0.10394572,-0.12370771,0.14313674,-0.13392949
0.103010304,-0.35754332,0.21785481,0.3668544,0.4007662,0.097577065,-0.19609709,-0.0616493,0.004991111,-0.025215553,-0.020167854,0.015734667,0.19082427,-0.19037586,0.47142637,-0.21623024,0.37104183,0.021276953,0.6982089,-0.09861265,0.0352635,0.2713245,-0.593673,0.29111323,0.20510958,0.108748496,0.3765754,-0.051027216,0.053138778,-0.005717688,0.15267071,0.21450667,0.11102339,0.27321267,0.14285211,-0.17010807,0.13380358,-0.10920858,0.28825772,0.07515455,-0.06666807,-0.25602126,-0.01755533,0.01767071,-0.17239855,0.09639817,0.17417721,0.070902176,-0.11748451,-0.10117326,-0.25738448,0.13287282,-0.09026061,0.14897884,0.21714535,0.11801919,0.23745835,0.16853626,-0.0152714215,-0.2380118,-0.11170047,-0.15633512,0.29438436,-0.0975553,-0.09432024,-0.24133767,0.113536336,0.14522848,-0.29989395,0.24692456,0.061932195,-0.29438666,0.036290124,-0.21626446,-0.13443963,-0.2143734,0.0335828,0.09726526,-0.0035868061,-0.17184804
-0.117654756,0.28222018,-0.016101057,-0.10150915,-0.0038974609,-0.07081961,-0.008818872,-0.21335697,-0.0127414325,-0.012156521,0.022812787,-0.15480489,0.039980043,0.14357533,-0.19545281,-0.023520896,0.098200426,0.0062946966,-0.09861265,0.27459833,0.067392305,0.078262076,0.20926966,0.0038377217,0.031847235,-0.10085011,-0.009396629,-0.07672968,-0.009244779,-0.25788435,-0.22611342,0.06439884,-0.06874075,-0.114370756,-0.07041729,-0.012417854,-0.037522666,-0.13180453,-0.2620837,-0.23357326,-0.124868646,0.022222644,0.07563849,0.24703348,0.19137262,0.014349125,0.043626003,0.040959664,0.20257927,0.21385278,0.008944914,-0.15130931,-0.10632102,-0.09691305,-0.20601372,-0.0973245,0.012907288,-0.048646506,-0.16509143,-0.008895171,-0.03949878,0.07523081,0.1609029,0.05187493,-0.087491155,0.0077883606,-0.0636195,-0.101689495,0.15528186,-0.16391915,-0.15137413,0.016519345,-0.0051763155,0.08806554,-0.0018102408,0.20769185,-0.07664128,-0.038882867,0.014043006,0.055463683
-0.15423952,0.2710385,0.024137404,-0.02801839,-0.33634734,0.11300458,0.07882082,-0.19079103,0.13342571,0.16586737,0.25414273,0.126983,0.17005213,0.22763534,0.15900785,0.2745092,0.20804094,0.14381029,0.0352635,0.067392305,0.51121193,0.11514482,0.21726277,-0.027569992,0.10583148,0.04786857,0.1231138,0.132554,0.1313469,-0.12310073,0.21877733,-0.047695264,0.051333297,0.17462361,-0.2667972,0.020459248,-0.112886295,0.11533299,-0.18469393,-0.1392587,0.08995949,-0.019062797,-0.074092455,-0.024439117,-0.15035279,-0.11309042,0.17574134,0.21313316,-0.015511176,0.12870349,-0.1508197,0.17563748,0.04438579,-0.13012506,-0.06689872,-0.10750845,0.0929013,0.081801966,0.011950674,-0.15255398,-0.22228466,0.00034581908,0.029518917,0.21236697,0.23733197,-0.15451124,0.054688048,0.0021267703,-0.28174463,0.1390537,-0.034833014,-0.056357708,-0.32847533,-0.026643682,0.21310754,0.08605073,-0.416654,-0.049351536,-0.059147976,-0.0017145188
0.064681835,-0.15185055,-0.0019672906,0.12095061,-0.08288997,-0.009323376,0.11917762,-0.06550558,-0.00945802,-0.015799133,0.004358725,-0.114749104,0.110209346,0.036466245,0.070086956,-0.011002941,0.17486328,0.1632021,0.2713245,0.078262076,0.11514482,0.34167227,-0.09501144,0.18849406,0.09565639,0.13491465,0.3879701,-0.050744154,0.14913611,-0.037538636,0.23072557,0.22126457,0.17777212,0.10305282,-0.2130548,-0.23838818,0.15839103,-0.019367427,-0.041135997,-0.044127584,0.16250381,-0.17714782,-0.033777386,-0.0158201,-0.030858606,-0.16685553,0.10274238,0.094754085,0.11097673,0.1758494,-0.1330118,0.040713646,-0.1481717,-0.09053257,-0.05821387,-0.029774453,-0.14624353,-0.06270361,-0.3049333,-0.18887784,-0.1454775,-0.010259242,0.103617,0.025467372,0.06846242,-0.046191733,0.14831561,0.13894056,-0.041343316,0.071726926,0.02997512,-0.16961257,-0.036304757,-0.101265505,-0.17628735,0.008537063,-0.15006807,-0.09708935,0.21888033,-0.15647992
-0.25510594,0.39022598,-0.016916422,-0.015519323,-0.29597032,-0.51048285,0.10602534,-0.40199763,-0.2105498,-0.09674521,0.24299029,0.022512438,-0.17693983,0.41074964,-0.28449652,-0.008300395,-0.08389726,-0.08186004,-0.593673,0.20926966,0.21726277,-0.09501144,2.1166377,-0.3515912,0.01964551,-0.08700598,0.42923188,0.61966306,0.058482237,-0.13600954,0.25681585,-0.2777265,0.43950003,0.18611908,0.28369778,0.19510223,0.33979213,0.22356644,-0.5389333,-0.22728434,0.3064614,0.40311435,-0.112190865,0.14019306,0.36187917,-0.73965025,0.4607244,-0.3594871,0.26551342,0.5122331,0.39190274,-0.06530879,-0.23491466,-0.40105578,0.03876616,-0.0693097,-0.3422341,-0.23223424,-0.07056124,-0.094029024,0.13234437,0.3530971,-0.1436498,0.14653999,0.49624637,-0.12787381,-0.045356415,-0.38746214,0.37451148,0.13320303,0.14960629,0.07889741,-0.21109739,-0.2819191,-0.17846031,0.55840284,-0.51984715,-0.2314654,-0.06306797,0.18262197
0.17355491,-0.2400437,-0.12850668,0.20128642,0.10743333,0.034949712,0.057154197,-0.16989526,0.005437595,0.07194812,-0.09620442,-0.00582444,0.01853301,-0.006880967,0.22463627,0.10260141,0.11729988,0.12001462,0.29111323,0.0038377217,-0.027569992,0.18849406,-0.3515912,0.3186328,0.08755202,0.19511163,0.2835782,-0.22235666,-0.09251068,-0.07780194,0.17602603,0.20174675,-0.0022049518,0.043819673,-0.0015523324,-0.14727406,-0.003907781,-0.025649434,-0.055273414,0.088025086,-0.06864023,-0.20092331,-0.12810071,-0.07672918,-0.018614987,-0.0070317914,0.061771557,-0.061477434,-0.03761722,-0.1277408,0.006344353,-0.056603063,0.011977302,0.052288573,-0.11967878,0.035873152,-0.06773553,0.0081641525,-0.110401824,-0.17586514,-0.18624352,-0.12958309,-0.009301492,-0.11493524,-0.18074967,0.09117766,0.122920595,0.17690638,-0.008704651,-0.012050932,-0.08305337,-0.122225456,-0.004460966,-0.048864126,-0.19407286,-0.05786548,-0.12989613,0.030275881,0.059933383,-0.079741
0.28333762,-0.018834975,-0.0011050464,0.15516001,0.26576334,0.42851675,0.30052668,-0.105718054,0.23776188,-0.3046327,0.063695475,0.070436314,0.021407403,0.13793807,0.20906827,0.22774811,0.1795558,0.07472422,0.20510958,0.031847235,0.10583148,0.09565639,0.01964551,0.08755202,1.2550982,0.6657212,0.93029976,0.23206244,-0.26437393,0.40703884,-0.0525279,-0.018230287,0.20229007,0.79222536,0.3152875,0.13169444,-0.092656665,0.28343835,0.48037574,0.14638795,-0.025543611,0.40501672,0.11602732,0.32127464,-0.21987644,0.14075932,0.07856416,0.11358804,0.069121175,0.23241644,0.013228511,0.13181144,0.22958122,0.032477476,-0.05792818,0.06499051,0.2372169,-0.11089987,-0.06727486,0.24896124,0.18542889,-0.07066627,0.46703625,-0.01041946,0.20050052,0.02960442,-0.012748576,-0.06392236,0.23410785,0.07128521,-0.053127192,-0.10410917,0.29329804,0.08256078,0.16154093,-0.57594216,-0.25425115,0.12711902,0.08722097,-0.27650407
-0.0039840364,-0.078043796,-0.13921662,0.056895893,-0.5936846,0.40187937,0.37175748,-0.018935801,0.13793607,0.2482296,-0.045235813,0.25041187,-0.016188353,0.12474508,0.11730845,0.9798728,-0.056049865,0.08175469,0.108748496,-0.10085011,0.04786857,0.13491465,-0.08700598,0.19511163,0.6657212,1.3732527,0.78635097,0.5328309,-0.16065383,0.3888514,0.43224198,-0.008159265,0.4242104,0.6053819,0.23725252,0.07660362,0.2593653,0.11927937,0.77889067,0.25543544,0.42562377,0.15995254,0.11493409,0.071041,-0.031657178,-0.06134284,0.018831322,0.06255249,0.09335587,-0.1004861,0.5087351,-0.23430006,0.14223917,0.20097332,-0.056451682,0.13488811,-0.31657526,0.054848902,-0.18701991,-0.0361085,0.08478491,0.047057897,-0.019762611,-0.08357236,0.19844967,0.38361272,0.14161563,0.2733901,0.37595436,0.056817528,0.023854246,0.015105131,0.11425328,0.10050804,-0.0707481,-0.24814191,-0.84028494,0.17893876,0.238732,0.07064774
0.27965137,-0.27491015,-0.15713982,0.33082893,-0.10308257,-0.020191154,0.2500324,-0.52264774,-0.0045293146,-0.39348856,-0.008950593,-0.04409235,-0.07315986,0.088477135,0.32339585,0.29253754,0.17576124,0.18175209,0.3765754,-0.009396629,0.1231138,0.3879701,0.42923188,0.2835782,0.93029976,0.78635097,1.4250405,0.4871676,-0.09738121,0.44413966,0.5490827,0.15548255,0.6620464,0.69763136,0.25232044,-0.07973558,0.20672424,0.25633687,0.33465353,0.12089886,0.2340332,0.18363637,-0.15466714,0.105790876,-0.1419979,-0.3482733,0.23012549,-0.14375468,0.09972957,0.16392888,0.007944958,0.07151766,-0.0482525,-0.14344819,-0.07598358,-0.01704921,-0.17901494,-0.15992966,-0.3299611,-0.13216239,-0.03046386,0.0688501,0.31812397,0.107102655,0.35172802,-0.01694535,0.26516786,0.19307676,0.28357607,0.23850584,0.10127507,-0.27045092,0.1301424,-0.16510448,-0.38347477,-0.43674845,-0.5359979,-0.089477584,0.22437522,-0.2508122
-0.31221014,0.28317928,0.101597965,-0.21162827,-0.42453006,-0.18044306,-0.31101003,-0.24061543,-0.27384633,-0.29318437,-0.06764342,-0.007600962,-0.012916113,-0.004559248,0.09136345,0.23238216,-0.042915013,-0.1355518,-0.051027216,-0.07672968,0.132554,-0.050744154,0.61966306,-0.22235666,0.23206244,0.5328309,0.4871676,1.1896174,0.014086314,0.7653024,0.23151807,-0.15905973,0.6633588,0.58299905,0.32992265,0.19879735,0.20152336,-0.034162376,0.6889183,-0.25760558,0.3394766,0.30715021,0.113260955,0.36482126,-0.031312823,-0.01898095,-0.07636358,-0.08249779,0.12607516,-0.047742013,0.15586966,-0.10196566,-0.09286331,0.023052422,0.1288846,-0.14781371,-0.013965621,0.1440019,0.08283332,0.0786558,0.17131636,0.27580413,0.28167656,0.3306209,0.39878166,0.0726225,0.06404946,0.09952143,0.116813704,0.14421178,0.20012201,0.014252556,0.022633456,-0.024339724,-0.0783706,-0.17403775,-0.31470725,-0.12863697,-0.13525872,0.29329738
-0.13940533,-0.016653651,0.14883001,-0.008545053,-0.253886,-0.062442727,0.025110703,0.13695689,0.021706097,0.058873374,0.13846469,-0.042055413,0.09658943,-0.046941683,-0.108418345,-0.09452741,0.050923336,0.031480324,0.053138778,-0.009244779,0.1313469,0.14913611,0.058482237,-0.09251068,-0.26437393,-0.16065383,-0.09738121,0.014086314,0.32129785,-0.14948803,0.14088249,0.019573344,0.09612868,-0.16227056,-0.27783743,-0.1237164,0.18433037,-0.031874802,-0.04598759,-0.038862765,0.21372637,-0.1262438,0.036149886,-0.13474877,-0.030561732,-0.20389593,0.07260984,0.16236912,0.032771382,0.17074795,-0.1922576,0.13004754,-0.18142672,-0.11017199,0.14590213,-0.01504272,-0.09550523,7.1676317e-07,-0.14855742,-0.13572265,-0.028885981,0.09215123,-0.034672305,0.1027061,0.20064545,-0.23143297,0.050476033,0.0089603765,-0.16457276,0.15349896,0.14057961,-0.06311771,-0.123190545,-0.09861378,-0.0068503125,0.1368723,-0.0039899624,-0.07896937,0.15044817,-0.06927263
0.2947717,-0.23174977,-0.100790374,-0.26479617,0.12045836,0.061729986,-0.046920028,0.48001727,-0.3557057,-0.49509618,-0.41632,-0.11127746,0.00040245077,-0.038710568,0.2348943,-0.18478057,-0.22051162,0.12242455,-0.005717688,-0.25788435,-0.12310073,-0.037538636,-0.13600954,-0.07780194,0.40703884,0.3888514,0.44413966,0.7653024,-0.14948803,1.4699514,0.2096223,0.06615977,0.46235648,0.926659,0.047456928,-0.081537545,-0.012501207,0.20761819,0.7428624,-0.09431821,0.44220278,0.20722006,0.04027942,0.19665083,-0.338639,0.27144724,-0.46701142,-0.05977244,0.06937466,-0.09134098,0.07767643,0.10753515,0.20146157,0.11515388,0.001032407,-0.1413474,-0.09779786,-0.10131509,0.100173615,0.41385105,0.15551281,-0.095751554,0.14205381,0.11234839,0.20691739,0.5533992,0.14272852,0.28513882,-0.03830073,-0.06131533,0.21984968,0.024744522,0.2648932,0.016859073,-0.013857864,-0.58485925,0.33430302,-0.29509765,0.024695214,-0.025460007
0.119323984,-0.3503525,-0.1783999,0.21323909,-0.50590754,-0.06392232,0.25641614,-0.08236246,-0.027744615,0.14851797,0.053694095,0.17968722,-0.025774505,0.0713746,0.2964498,0.39183196,-0.032382347,0.2319208,0.15267071,-0.22611342,0.21877733,0.23072557,0.25681585,0.17602603,-0.0525279,0.43224198,0.5490827,0.23151807,0.14088249,0.2096223,0.824092,0.061661694,0.40255648,0.23869945,-0.16809021,-0.16260883,0.22213608,0.26287472,0.015347599,0.21192728,0.46020472,-0.16149122,-0.2986816,-0.43547302,-0.18075635,-0.4837877,0.17647702,-0.09180902,-0.117220394,-0.097806945,0.07238626,0.15298715,-0.0047250935,-0.104698695,0.05692349,0.020935625,-0.41292587,-0.037575934,-0.120192416,-0.31914386,-0.23291048,-0.01459332,-0.34873196,0.050634842,0.32409132,0.044427197,0.30245456,0.2927851,-0.138672,0.28686497,0.20132747,-0.12930696,-0.26186538,-0.24639662,-0.25947392,-0.026118793,-0.5059434,-0.13089836,0.17167398,-0.08487968
0.13603859,-0.18795083,-0.04169695,0.06045806,0.16707948,-0.02646126,0.018307364,0.057075273,-0.10333201,-0.03275892,-0.14638302,-0.1482167,0.082820594,0.0005377529,0.07775279,-0.17363778,0.10166708,0.12608765,0.21450667,0.06439884,-0.047695264,0.22126457,-0.2777265,0.20174675,-0.018230287,-0.008159265,0.15548255,-0.15905973,0.019573344,0.06615977,0.061661694,0.24318647,0.027348952,0.07775164,-0.14205983,-0.23457283,0.06292768,-0.075850494,-0.06550388,-0.06931813,0.04610567,-0.20133027,-0.027294943,0.031750523,0.0047452366,0.020524615,-0.028683094,0.010885315,0.09154296,0.055392403,-0.060823582,-0.033737916,-0.07891465,0.002508977,-0.10159737,-0.026331978,-0.09801286,-0.057467125,-0.18792675,-0.08189523,-0.123655796,-0.09631456,0.063986465,-0.071950234,-0.13647966,0.12172,0.096071616,0.13543606,-0.038636386,-0.06875753,-0.025582585,-0.107042655,0.042708322,-0.056719966,-0.1634464,0.0073251002,0.09591287,-0.09591191,0.123900004,-0.09582014
-0.0479204,-0.07775618,-0.008718272,0.030479394,-0.32932633,-0.19582206,-0.037627995,-0.22106236,-0.17442514,-0.26395577,-0.04798491,-0.07146116,-0.047876026,-0.032078136,0.082270764,0.13024281,-0.0098300595,0.021640854,0.11102339,-0.06874075,0.051333297,0.17777212,0.43950003,-0.0022049518,0.20229007,0.4242104,0.6620464,0.6633588,0.09612868,0.46235648,0.40255648,0.027348952,0.5833674,0.3538688,0.12100266,-0.034815464,0.2759418,0.050000988,0.3722127,-0.053118166,0.34268242,0.10384326,-0.03278329,0.077052504,-0.039921112,-0.26051727,0.03933204,-0.10321804,0.100324154,0.053030815,0.032758445,-0.00788038,-0.15810296,-0.08762399,0.07718612,-0.07322699,-0.2124031,-0.028081939,-0.17078191,-0.08336984,0.047893234,0.18620662,0.1379036,0.19103539,0.33892536,-0.007734486,0.17358795,0.16200991,0.1351335,0.18290634,0.20195489,-0.107606195,0.030882102,-0.12738945,-0.28206766,-0.15616383,-0.26806465,-0.15260933,0.114181206,0.019041546
0.216825,-0.20717408,0.19638233,0.09492267,0.4912979,0.38091436,0.11779158,0.59472567,-0.174495,-0.010114814,-0.14665718,0.16408339,0.2817405,0.26064712,0.48895702,-0.14707722,0.2278722,0.14005107,0.27321267,-0.114370756,0.17462361,0.10305282,0.18611908,0.043819673,0.79222536,0.6053819,0.69763136,0.58299905,-0.16227056,0.926659,0.23869945,0.07775164,0.3538688,1.3833053,0.2704136,-0.09631781,0.23625854,0.24968171,0.5815867,-0.05695947,0.48965243,0.1455326,0.14048177,0.33421302,-0.24212681,0.14593576,0.09455773,0.08033009,0.13686694,0.24903451,0.29098558,0.15165333,0.181929,0.19980462,0.18744382,0.12213127,0.05488862,-0.016444642,0.10920496,0.16387963,0.11229409,-0.25618568,0.2322106,-0.20023265,0.19447275,0.37826145,0.054397717,0.031072643,-0.1813103,0.12911859,0.16439559,-0.11642731,0.12248272,-0.25334427,0.17114893,-0.23529455,-0.15136416,-0.07797525,-0.0001531551,-0.10710889
-0.047501918,-0.05028203,0.17409842,0.23424323,0.4748646,-0.06386071,-0.30465087,-0.21580015,-0.090899095,-0.106009975,-0.06345275,0.12150094,-0.10677955,-0.12874562,0.19173391,-0.09014767,0.06512397,-0.30574483,0.14285211,-0.07041729,-0.2667972,-0.2130548,0.28369778,-0.0015523324,0.3152875,0.23725252,0.25232044,0.32992265,-0.27783743,0.047456928,-0.16809021,-0.14205983,0.12100266,0.2704136,0.8045095,0.26050314,0.15445377,-0.092722476,0.3847587,0.099591404,-0.21340099,0.22276649,0.085393324,0.27208948,0.15258282,0.111111686,0.17459849,-0.29243973,-0.06384825,-0.17220505,0.27621004,-0.16985136,-0.009455286,0.2168389,0.257978,0.19425474,0.23994075,0.14177758,0.2628519,0.03661387,0.26680318,0.038152788,0.22088574,-0.185788,-0.11597433,-0.08414069,-0.12412755,-0.16733322,0.22694129,0.10022066,0.028293008,-0.023375994,0.2295759,-0.11675261,-0.11339166,-0.08926632,-0.025729205,0.23071215,-0.25568652,0.14926457
-0.15463223,0.27327037,0.0022228078,-0.06457974,-0.12613156,0.01041747,-0.11428808,-0.28716785,0.1059894,-0.04351971,0.110679016,0.11352597,-0.114823125,-0.024056137,-0.04603487,0.24414794,-0.06688351,-0.16774459,-0.17010807,-0.012417854,0.020459248,-0.23838818,0.19510223,-0.14727406,0.13169444,0.07660362,-0.07973558,0.19879735,-0.1237164,-0.081537545,-0.16260883,-0.23457283,-0.034815464,-0.09631781,0.26050314,0.30170977,-0.15601036,0.0059088087,0.11619778,0.026257822,-0.21084446,0.24453439,0.03238327,0.09088563,0.027287532,0.08945447,0.000620988,-0.0510868,-0.08954499,-0.1409082,0.054823782,-0.05329975,0.09424769,0.028616633,0.017260963,-0.008840549,0.19890198,0.10386744,0.20780559,0.09783392,0.116599225,0.1156007,0.06555915,0.10783826,0.047387887,-0.11625193,-0.113641344,-0.12291449,0.12273598,0.012136724,-0.060931433,0.10338344,0.0070869117,0.13427436,0.13534985,-0.08251719,-0.12646943,0.14268386,-0.19948277,0.14911596
-0.08877981,-0.25018078,0.2404406,0.1715001,0.025230948,-0.03879206,0.06704196,0.36845976,-0.1326159,0.18814817,-0.01068591,0.034523506,0.091437556,-0.0051997937,-0.047479294,-0.13189691,0.057245288,-0.05215946,0.13380358,-0.037522666,-0.112886295,0.15839103,0.33979213,-0.003907781,-0.092656665,0.2593653,0.20672424,0.20152336,0.18433037,-0.012501207,0.22213608,0.06292768,0.2759418,0.23625854,0.15445377,-0.15601036,0.57551765,-0.062688306,0.22381374,0.06293942,0.4305144,-0.09356341,0.14031963,0.0063050906,0.1661559,-0.2867942,0.2273717,-0.027099991,0.15564843,0.2329382,0.2629881,-0.07474717,-0.24685001,0.061430678,0.31109166,0.20137364,-0.2866039,-0.025843728,-0.18578067,-0.16729388,0.1496787,0.057729185,-0.06531046,-0.22074267,0.12698893,-0.008000196,0.039036404,-0.028052496,0.08113191,0.17103344,0.2282288,-0.08251295,0.05981189,-0.28556946,-0.19758007,0.26633328,-0.14515008,0.00032190036,0.21624017,-0.0117575005
0.23849846,-0.1569225,-0.12960725,0.07043809,-0.06701086,0.14000197,0.33371884,0.14891,0.118469246,-0.021277493,0.0879175,0.14581625,-0.057703663,0.124847315,0.09326798,0.12739536,-0.09349229,0.14943388,-0.10920858,-0.13180453,0.11533299,-0.019367427,0.22356644,-0.025649434,0.28343835,0.11927937,0.25633687,-0.034162376,-0.031874802,0.20761819,0.26287472,-0.075850494,0.050000988,0.24968171,-0.092722476,0.0059088087,-0.062688306,0.35347307,-0.06539236,0.2071143,0.1743071,0.12365476,-0.13809706,-0.23479782,-0.1987298,-0.18199262,0.046842474,-0.004513678,-0.092196435,0.07734194,0.021712298,0.23113495,0.18761869,-0.09559339,0.0019847224,0.033731516,-0.10915727,-0.15146127,0.033088733,0.07383615,-0.0076498794,-0.083013006,-0.19041517,-0.010738768,0.2285763,0.053438816,0.064711474,-0.0015381258,-0.040523652,0.102347255,0.076300405,0.007334287,-0.049129155,-0.054672666,0.089596435,-0.17050411,-0.11114742,-0.04952771,0.08300314,-0.18484662
-0.0553622,-0.15045056,0.23380521,-0.03616558,-0.048170682,0.30870757,-0.14216249,0.32650957,-0.018530162,-0.14834498,-0.1514033,0.09251063,0.054568186,-0.2682445,0.15758434,0.20791343,-0.036191773,-0.1630613,0.28825772,-0.2620837,-0.18469393,-0.041135997,-0.5389333,-0.055273414,0.48037574,0.77889067,0.33465353,0.6889183,-0.04598759,0.7428624,0.015347599,-0.06550388,0.3722127,0.5815867,0.3847587,0.11619778,0.22381374,-0.06539236,1.1836561,0.14352797,0.25914374,0.18929784,0.3096484,0.2391905,-0.18834288,0.33020797,-0.22227037,0.13106771,-0.017095428,-0.19354104,0.11429283,-0.04513392,0.064082846,0.3368802,0.31263024,0.12809946,0.12890573,0.1889741,0.08798966,0.21209389,0.3380283,0.045434933,0.31774148,-0.008342245,0.15033904,0.11270229,0.009228663,0.17558064,0.07993046,0.14125116,0.19616626,-0.019273045,0.3394659,0.06978817,0.061528336,-0.5243636,-0.0031072283,0.16544197,0.05234723,0.047151588
0.22202075,-0.37364948,-0.05937596,0.24865058,-0.020791719,0.1972518,0.2826894,0.16566709,0.21913767,0.13290499,0.07324743,0.22102675,-0.118622266,-0.109873466,0.084549665,0.22384366,-0.11817484,0.0150309205,0.07515455,-0.23357326,-0.1392587,-0.044127584,-0.22728434,0.088025086,0.14638795,0.25543544,0.12089886,-0.25760558,-0.038862765,-0.09431821,0.21192728,-0.06931813,-0.053118166,-0.05695947,0.099591404,0.026257822,0.06293942,0.2071143,0.14352797,0.4553382,0.05293041,0.0061638276,-0.085577235,-0.36812156,-0.119094886,-0.13846886,0.075209446,-0.040100217,-0.21197465,-0.1442209,0.07738115,0.11972123,0.13933395,0.07394191,0.15928236,0.21575849,-0.101576336,-0.044271067,0.03913198,-0.029575847,0.071440674,-0.085015975,-0.25287518,-0.19073547,0.049958445,-0.054272927,0.042508587,0.03909576,0.04572052,0.15547761,0.08286473,-0.011692495,0.064982295,-0.05049332,-0.022665374,-0.19175138,-0.08312905,0.17554265,0.12910685,-0.1784252
0.016344318,-0.2185719,0.05912215,-0.050011646,-0.32807255,0.11939445,0.32220474,0.6265272,-0.11609824,0.20944254,-0.034906138,0.088982224,0.12231142,0.1542748,-0.034783177,0.108406276,-0.09550091,0.16259088,-0.06666807,-0.124868646,0.08995949,0.16250381,0.3064614,-0.06864023,-0.025543611,0.42562377,0.2340332,0.3394766,0.21372637,0.44220278,0.46020472,0.04610567,0.34268242,0.48965243,-0.21340099,-0.21084446,0.4305144,0.1743071,0.25914374,0.05293041,0.72393584,-0.049774922,0.0741304,-0.13212502,-0.057923555,-0.29252514,0.028881924,0.10616645,0.15822497,0.2548008,0.27207333,0.06624214,-0.052093,-0.0053564315,0.16002743,0.07879473,-0.45674232,-0.116923675,-0.19147307,-0.033240486,0.05570683,-0.0063364943,-0.25447804,-0.08982641,0.33001432,0.27025965,0.13464832,0.12426047,-0.041320372,0.12054666,0.2651438,0.0012126354,-0.0536168,-0.19176234,-0.028589495,0.12909642,-0.2374651,-0.16425262,0.30599496,-0.05404568
-0.023409111,0.22720537,-0.027825473,-0.12051884,-0.07468207,0.03179322,0.050529778,-0.13441241,0.0658758,-0.24331467,0.058865286,0.0125856735,-0.1338195,0.044539787,-0.14944321,0.13455713,-0.121991225,-0.101003334,-0.25602126,0.022222644,-0.019062797,-0.17714782,0.40311435,-0.20092331,0.40501672,0.15995254,0.18363637,0.30715021,-0.1262438,0.20722006,-0.16149122,-0.20133027,0.10384326,0.1455326,0.22276649,0.24453439,-0.09356341,0.12365476,0.18929784,0.0061638276,-0.049774922,0.38278255,0.08430628,0.18373862,0.00029933968,0.03301349,-0.0564754,-0.04017801,0.044386778,0.08313608,0.07643953,-0.0066798427,0.09438013,-0.05099365,-0.023737783,-0.03874877,0.09290585,-0.06712736,0.06978476,0.24826936,0.22379436,0.13660635,0.14795232,0.12125488,0.18184716,-0.008836803,-0.09773397,-0.14690854,0.2626249,-0.025127273,-0.00294604,0.10275926,0.14268583,0.13554041,0.11773047,-0.19712989,-0.051847644,0.03243878,-0.054783296,0.028866783
-0.14737679,0.1353174,0.22677,-0.11864006,0.10670665,0.17551449,-0.03783203,0.32701913,0.0110861845,0.05792951,-0.012228098,-0.02968701,0.11720811,-0.008687938,-0.17244087,-0.0854392,0.04251504,-0.11325408,-0.01755533,0.07563849,-0.074092455,-0.033777386,-0.112190865,-0.12810071,0.11602732,0.11493409,-0.15466714,0.113260955,0.036149886,0.04027942,-0.2986816,-0.027294943,-0.03278329,0.14048177,0.085393324,0.03238327,0.14031963,-0.13809706,0.3096484,-0.085577235,0.0741304,0.08430628,0.2998734,0.27035335,0.0876889,0.19681327,-0.05435344,0.17159206,0.15388554,0.17200623,0.09741395,-0.09478716,-0.050749887,0.12596306,0.11113745,0.06968671,0.092656374,0.043930616,-0.031434663,0.1463004,0.21205264,0.035459504,0.1901115,-0.078652166,-0.022160014,0.03775691,-0.1324731,-0.113138035,0.07991797,-0.0635852,0.011911987,0.052733637,0.16362864,0.06729525,0.16537471,0.0456874,0.08984348,0.08559774,0.051845793,0.046140555
