0.6200178,-0.072136275,-0.11231178,-0.17092276,0.22563551,-0.28596273,0.2555909,0.13082017,0.028855242,-0.39306822,0.07565555,-0.38358825,-0.12060035,0.1413616,0.19576184,0.23763287,-0.38185808,0.20267159,-0.00076920434,-0.08222616,-0.24334821,0.039370477,-0.37399077,-0.010881758,0.37913433,0.15584359,0.019187687,-0.049511332,-0.28306,0.079559855,-0.33167621,0.014461955,-0.09242835,-0.13399245,-0.1043874,-0.18113033,-0.19119094,0.25984654,-0.03555021,0.20453219,-0.028564904,0.013459899,-0.2895322,-0.11998995,0.071144715,0.013370399,-0.12847202,-0.04332118,-0.0413158,0.01841609,0.29830647,0.24098274,0.1980752,0.14421026,-0.08242969,0.018300343,-0.14244099,-0.0731147,-0.04848086,0.21952637,-0.0035326388,-0.15221295,-0.038192082,-0.10151305,-0.046575595,0.22986312,-0.0877669,-0.00492176,0.27346116,-0.07642968,0.059368744,-0.008542519,0.13571635,0.17074426,0.057885192,-0.020061824,0.17936118,0.0127624385,0.025478702,0.06378098
-0.072136275,0.5513468,0.112193316,-0.17287637,-0.052955676,-0.03958594,-0.17100073,-0.24480355,-0.018495409,-0.14397986,-0.0247422,0.11037204,-0.13144328,0.105547816,-0.075372785,0.0029448979,0.14633128,-0.2415936,-0.02715568,0.06782938,0.015183997,-0.3132217,0.21720228,0.01972863,-0.11471578,-0.023872636,-0.16468416,0.26947924,0.13956557,-0.024293216,-0.29547173,0.029000072,-0.013065082,-0.19374831,0.08215986,0.27614585,0.062004037,-0.1480483,-0.18788408,-0.17932281,-0.06419735,-0.10161039,-0.245286,0.34261125,0.24995238,0.031810004,0.15836637,0.16793965,-0.03237791,0.10969593,0.23364595,-0.04484609,0.13066663,-0.43186677,-0.19956678,-0.05003198,-0.04162679,-0.057933584,-0.15689291,0.1835309,0.15422559,0.23419736,0.050053023,-0.05677465,-0.12557048,-0.012953155,-0.13083276,-0.11500762,-0.046423454,-0.36840302,-0.1636759,0.24843918,-0.096358456,0.3502501,0.093619525,0.24384025,-0.19590995,-0.2519444,-0.18554114,0.16931324
-0.11231178,0.112193316,0.2756005,0.06574598,0.2514775,0.055207737,-0.20487611,-0.20365362,-0.2086692,0.06473928,-0.08500074,0.17027362,0.1715639,0.033862878,0.24568227,-0.26680246,0.28044373,-0.26406616,0.25214386,0.12497023,0.049645152,-0.07579964,0.05824033,0.076725416,-0.014976874,-0.14584704,-0.037994266,0.24002555,0.0010349177,0.117205955,-0.040226586,0.005533451,0.043145593,-0.012947843,0.022113914,0.051367518,-0.038296103,-0.13895665,-0.01900414,-0.09805715,-0.07442548,0.065444484,0.094516434,0.21890877,0.13569419,0.066818714,0.1914324,0.06785313,-0.11544742,-0.06281747,-0.049402226,0.022692438,-0.0149969,-0.04275528,0.12360784,0.07558783,0.1306003,0.09477574,0.11970851,-0.008419876,0.005785678,0.044536293,0.0022222083,0.04412116,-0.07517751,0.014911415,0.022756996,-0.079518974,-0.32923552,0.09288939,-0.011340202,-0.12355659,0.072924614,-0.10525605,0.09573228,-0.13082737,0.20389926,0.021959146,-0.09324483,0.03981719
-0.17092276,-0.17287637,0.06574598,0.27775893,0.07962495,0.29982108,0.122725636,-0.06736872,-0.0036531934,0.05106,-0.025778672,0.03168198,0.09076315,-0.09076013,0.06745931,-0.2215186,0.1502133,-0.14887206,0.1754627,-0.048951462,0.08250534,0.081901416,0.050624058,0.20485906,-0.13166343,0.059292346,0.23124184,-0.21595915,0.087927386,-0.1737039,0.037914343,0.08477749,-0.04747197,0.07429396,0.0021100028,-0.05595952,0.046004727,-0.012312149,-0.10966437,0.062722825,-0.14045925,-0.008122523,0.11836979,-0.024257964,-0.033869687,0.08673454,0.06295787,-0.026033254,-0.083076164,-0.11286806,-0.1271394,-0.060366847,-0.010573905,0.09408142,0.14707828,0.057079233,0.112242,0.19495103,0.09644872,-0.23235251,-0.15035687,-0.2080818,0.13542816,-0.020495841,-0.16833292,-0.17379756,0.035762895,0.0059897583,-0.3326846,0.1379355,-0.04651537,-0.18764874,0.10557434,-0.24580732,0.05570844,-0.069697365,0.028163921,0.15094689,0.02263682,-0.09250592
0.22563551,-0.052955676,0.2514775,0.07962495,1.0695807,-0.15054664,0.08664251,0.022533942,-0.46688986,-0.19875257,-0.016549196,-0.22464386,0.48584715,-0.022602247,0.43970647,-0.43701047,0.25334063,-0.20576946,0.16635504,0.06269242,-0.07802512,0.074076034,-0.3684584,0.0021483728,0.6486797,0.14382759,0.17051645,0.05634758,-0.034560736,0.1536981,-0.69572276,0.11514599,-0.015719412,-0.043593068,-0.03807253,-0.107218705,-0.0110774515,-0.2540831,0.071573585,-0.035054862,-0.16660751,0.27546626,0.13509917,0.3235844,0.09460486,0.19615228,0.059833717,-0.116756804,-0.073717505,0.15245879,-0.18780759,0.10430423,-0.015790563,0.15759368,0.14602521,-0.021073014,0.1689524,0.0767622,-0.024288353,0.26849365,0.2492885,-0.053781305,0.19557688,-0.013042031,-0.16467974,-0.07710273,-0.048509505,-0.18423958,-0.26976898,0.31985843,-0.03481222,-0.2272629,0.18324652,-0.025723122,0.29322276,-0.19500725,0.48371628,-0.10790608,-0.00054994324,0.16537178
-0.28596273,-0.03958594,0.055207737,0.29982108,-0.15054664,1.3850436,0.2724351,-0.11565306,0.5099629,0.2988314,0.1521525,0.9625228,0.30152938,0.22362882,-0.03745799,-0.06727739,0.40728417,0.24739859,0.436889,0.09441761,0.29384482,0.2964581,0.51548696,0.22870792,-0.4085788,0.21838363,0.31982443,-0.2637112,0.06847855,-0.39314005,0.2748621,-0.038036082,0.22069046,-0.042972527,-0.38737255,-0.14876528,-0.08956255,0.11650502,-0.578874,0.06948262,0.031701785,-0.019296803,0.10430355,-0.20870386,0.11398079,0.11818747,0.43320578,0.3459413,0.15064739,0.22609816,0.23981583,0.042006917,0.24477005,0.27591956,0.19483992,0.22081661,-0.059217684,0.108448066,0.014005492,-0.43210527,-0.4888766,-0.15602866,0.19348513,-0.17113139,-0.068659194,-0.11437558,-0.038999204,-0.14086232,-0.40050575,0.37267768,-0.19248731,-0.067764334,0.23026472,-0.14070717,0.29280764,0.8432419,-0.24295028,0.28443235,-0.015682325,-0.137831
0.2555909,-0.17100073,-0.20487611,0.122725636,0.08664251,0.2724351,0.52443403,0.08081319,0.27826113,-0.2724615,0.16368334,-0.18851021,-0.11577616,0.033835694,-0.02646921,0.15313981,-0.16068625,0.09805506,0.075459555,-0.17113093,-0.0696176,0.12152462,0.009262791,0.18681161,0.25390643,0.36985028,0.32692784,-0.37586907,-0.010919915,-0.32987005,-0.24380848,0.113299154,-0.063527375,-0.049017377,-0.056656305,-0.14405389,-0.010627334,0.18581757,-0.23017217,0.23645422,-0.13425164,-0.011255389,-0.14273149,-0.19570503,-0.005283668,0.026154421,-0.039775643,-0.07709723,0.04966311,0.08145003,0.12881154,0.012919645,0.20749503,0.17114669,-0.04035006,-0.018730078,-0.060303412,0.055562068,-0.10386702,-0.086880855,-0.11206758,-0.20279092,0.23859967,-0.195188,-0.16280214,-0.09979191,-0.09392755,0.007685156,0.15057975,0.05571419,-0.09982664,-0.03846575,0.10600865,0.01693798,0.0903672,0.17377949,-0.13300253,0.08639382,0.104302965,-0.08372187
0.13082017,-0.24480355,-0.20365362,-0.06736872,0.022533942,-0.11565306,0.08081319,0.5521449,0.08524159,0.23801784,0.04547184,-0.03385209,0.30123305,-0.1168841,-0.056387994,0.31015742,-0.19520356,0.39943328,-0.24362811,-0.21662839,0.005861491,0.056622278,-0.4960508,-0.19895881,0.19723833,0.332557,-0.026091648,-0.19863123,-0.11253672,0.16885774,-0.03774813,-0.14565225,-0.07566544,0.27347973,-0.08384962,-0.03237312,0.05202212,0.033504114,0.24913873,0.10757689,0.13940209,-0.04693109,0.05558875,-0.076564975,-0.28797486,0.21500777,-0.4591055,-0.045802586,0.06685508,0.025321813,0.017538313,0.15213175,-0.044730883,0.3116525,0.008434632,0.06236728,-0.019348677,-0.015304918,-0.03162743,0.12980221,0.20168564,-0.1943472,-0.033904556,0.03137669,0.21106054,0.039921567,-0.07622737,-0.034008823,0.10778177,-0.064903334,0.07265006,0.12759511,0.032036155,0.2182554,-0.00022115925,0.16724434,0.019273367,0.06101172,0.021318477,0.06183399
0.028855242,-0.018495409,-0.2086692,-0.0036531934,-0.46688986,0.5099629,0.27826113,0.08524159,0.6008787,0.107719176,0.21038315,0.36464795,-0.12973714,0.15674205,-0.13634303,0.5371869,-0.031813867,0.21558633,0.19351232,-0.11688697,0.08394843,-0.010835063,0.34932095,0.110278115,0.09309833,0.31681824,0.11061092,-0.067848906,-0.05689003,-0.19473533,0.29796338,-0.12193813,0.13666058,0.10043509,-0.05016144,0.030563092,-0.052854378,0.19829759,-0.19339673,0.15967894,0.057314035,-0.10206495,-0.07524628,-0.21352364,-0.012255767,-0.029753698,-0.020262174,0.10990929,0.13989162,0.07804728,0.2843696,0.009907437,0.2543304,0.18430328,-0.064372614,0.102818385,-0.06611374,-0.030897576,-0.028091906,-0.18999551,-0.12999414,0.04166952,0.10245805,-0.15353829,0.13736346,0.05606109,-0.093591906,0.027863307,0.30346996,-0.017386293,-0.07291047,0.14763404,0.00044487664,0.13674799,-0.026497211,0.38142705,-0.3712378,0.16122077,0.030977046,-0.17040339
-0.39306822,-0.14397986,0.06473928,0.05106,-0.19875257,0.2988314,-0.2724615,0.23801784,0.107719176,1.0611948,-0.1508267,0.8882936,0.33772027,-0.20253173,-0.01785623,-0.017409595,0.2374388,-0.026702123,0.1655971,0.048456926,0.0015139601,-0.03749959,0.10177157,-0.13236025,-0.21325447,0.18359286,-0.47001165,0.25466368,0.0890513,-0.009724675,0.3025969,0.03241945,0.17181884,0.27020428,0.2525299,-0.03746944,0.21040693,-0.27004853,0.33928612,0.014360567,0.39025033,0.042105585,0.42130706,-0.023922486,-0.13692595,0.06115028,-0.034806646,-0.021434233,0.17608333,-0.11411049,-0.23347443,-0.020374397,-0.33249322,0.5109593,0.19197619,0.17950855,0.051170636,0.16517632,0.142515,-0.21730578,0.27201375,-0.037703626,-0.08502353,-0.050778624,0.26773426,0.15166822,-0.16977926,-0.21622905,-0.12883867,0.09549739,0.10175528,0.07958136,-0.07459746,-0.25193208,-0.16429117,0.26796487,-0.019334422,0.29884708,0.033529703,0.14519839
0.07565555,-0.0247422,-0.08500074,-0.025778672,-0.016549196,0.1521525,0.16368334,0.04547184,0.21038315,-0.1508267,0.26760083,0.1557386,-0.018929204,0.13092199,-0.040669076,0.19356842,-0.0017259059,0.12108304,0.06319002,-0.08736225,0.1523067,0.016239153,0.26684648,-0.015998866,0.27854854,-0.023141207,0.17023896,0.030289955,-0.098156825,-0.06304716,0.11662161,-0.20684661,-0.00849024,0.07642976,-0.1500662,0.11365018,-0.09613013,0.16474706,-0.042941295,0.05986796,-0.09428551,0.107112534,-0.03943845,-0.17342317,-0.036265157,-0.011817315,0.07596528,-0.01821117,0.074229114,0.16059636,0.019722192,0.043885425,0.18061958,-0.03379994,0.03135553,-0.0695312,0.1177967,-0.08268123,0.031833928,0.029657627,-0.07354285,0.20831966,0.098853104,-0.0006687042,0.16356091,-0.030871168,0.07556978,0.008615188,0.16531444,0.14758922,-0.09302894,0.1110632,-0.029987022,0.17397183,0.18074717,0.12608048,-0.010713948,0.06254981,-0.016929237,-0.15039527
-0.38358825,0.11037204,0.17027362,0.03168198,-0.22464386,0.9625228,-0.18851021,-0.03385209,0.36464795,0.8882936,0.1557386,1.6256597,0.3068537,0.14217125,-0.03212072,-0.11411019,0.40649605,0.059432704,0.42672458,0.13296673,0.25830913,0.0044407765,0.7446411,-0.0792771,-0.39086193,-0.09868709,-0.36212343,0.4250233,-0.0117412135,-0.26637074,0.39591977,-0.18091519,0.15644073,0.07582787,-0.1366302,0.08986887,-0.0103798015,-0.00019143667,-0.07226263,0.02025439,0.2670796,0.18210474,0.22866854,-0.2546554,0.09439246,0.06188036,0.5497006,0.19793227,0.25125858,0.1718426,-0.010102571,0.12398653,-0.0072271647,0.28906292,0.30259797,0.14227666,0.12378649,0.09701165,0.20759936,-0.25196785,-0.08780941,0.23639083,0.0015345464,-0.11734813,0.31571993,0.17337514,-0.09432053,-0.3782822,-0.31800607,0.28549415,-0.13925515,0.2567529,-0.02219476,-0.052872244,0.30770347,0.88369834,0.019911002,0.4416069,-0.13412566,0.068175174
-0.12060035,-0.13144328,0.1715639,0.09076315,0.48584715,0.30152938,-0.11577616,0.30123305,-0.12973714,0.33772027,-0.018929204,0.3068537,0.75848204,-0.005837259,0.25451052,-0.06534781,0.37508926,0.20503283,0.12651628,0.029484933,0.18618129,0.12805647,-0.36228818,-0.11297602,0.26188824,0.23589884,0.11628721,0.00013438278,-0.060683217,0.34005445,-0.05133166,-0.17186572,0.14598256,0.26262188,-0.21323766,-0.031190991,-0.015438892,-0.22751628,0.100935526,-0.09525325,0.07000562,0.08559416,0.30981988,0.25196373,-0.11945797,0.32074153,-0.15135922,0.13853608,0.006077976,0.12975377,-0.05518153,0.14558989,-0.030490765,0.33797947,0.19598815,0.1911957,0.12721817,0.044920497,0.046466757,0.07661386,0.13044864,-0.10481244,0.040633816,0.10028794,0.14037284,-0.041358035,-0.010268318,-0.12827533,-0.344772,0.2951045,0.027631436,-0.10962661,0.18496229,0.062313367,0.19006109,0.1510827,0.21731481,0.019726275,-0.052341223,0.05460128
0.1413616,0.105547816,0.033862878,-0.09076013,-0.022602247,0.22362882,0.033835694,-0.1168841,0.15674205,-0.20253173,0.13092199,0.14217125,-0.005837259,0.2630263,0.08120068,0.1690069,0.052525107,0.16472271,0.15700766,0.102846436,0.0724221,0.06391209,0.18114688,0.0019422267,0.12555912,-0.08227938,0.09688999,0.11952351,-0.14804396,0.09105388,0.13615274,-0.15002233,0.14300033,-0.092332445,-0.2204884,-0.012107256,-0.20715258,0.14171241,-0.19273812,-0.021869928,-0.006321432,0.03719458,-0.09127324,-0.046874247,0.12803882,-0.061652675,0.17169851,0.1624688,0.034420278,0.15361331,0.23500624,0.09214759,0.21503446,-0.037870854,-0.018157091,0.045474373,-0.050791655,-0.141685,-0.004699208,0.03394272,-0.18902242,0.15963008,-0.032236595,-0.00018052764,0.08426615,0.10699604,0.058068745,0.031995844,0.12795632,0.13496369,-0.021023478,0.0009455894,0.063785434,0.11751258,0.102856316,0.1381003,-0.007612781,-0.02480166,-0.031021355,-0.09699964
0.19576184,-0.075372785,0.24568227,0.06745931,0.43970647,-0.03745799,-0.02646921,-0.056387994,-0.13634303,-0.01785623,-0.040669076,-0.03212072,0.25451052,0.08120068,0.5032067,-0.020093398,0.18994021,-0.2090886,0.44894186,0.03349154,-0.05724038,-0.06407598,-0.19694199,0.15071537,0.44340256,0.10880847,0.0653778,0.23246796,-0.19295673,0.2532062,-0.11415487,-0.023006484,0.07851713,0.100199915,0.04021753,-0.060253568,-0.14294738,-0.05476068,0.048308145,0.0633233,-0.10975396,0.08395374,0.09188812,0.21680139,0.11197312,0.13341796,0.0025907427,0.012961807,-0.1704992,-0.13758706,0.06439176,0.14911817,0.10327318,0.25557017,0.15751117,0.19011796,0.15597461,0.13622135,0.1806289,0.02531091,0.058418103,-0.09154631,0.04041003,-0.009036282,-0.05243513,0.13870963,-0.0354164,-0.053433288,-0.18853828,0.16707048,0.06704976,-0.24581055,0.20558052,-0.107202694,0.06932056,-0.31963974,0.33080876,0.12321605,-0.043549668,-0.0126005225
0.23763287,0.0029448979,-0.26680246,-0.2215186,-0.43701047,-0.06727739,0.15313981,0.31015742,0.5371869,-0.017409595,0.19356842,-0.11411019,-0.06534781,0.1690069,-0.020093398,0.9854694,-0.13996446,0.30834693,0.07568447,-0.18906888,0.016078811,-0.17340876,-0.045927428,-0.026613923,0.61850053,0.46039265,0.060744617,0.10393477,-0.20694897,0.27827287,0.3063543,-0.28851545,0.21372388,0.29297805,0.050775103,0.13991448,-0.097259596,0.12365528,0.09051062,0.103034094,0.09284739,-0.16684836,-0.08602451,0.031787638,-0.11318011,0.0035566099,-0.45815805,0.0830664,0.07830727,0.03094285,0.3811629,0.05985251,0.28661528,0.20095317,-0.21261854,0.14292446,-0.054898974,-0.17174451,-0.06465484,0.07653723,0.15946294,0.15079802,0.0013244194,-0.038375016,0.32708398,0.18017961,-0.1006901,0.16281503,0.6692939,-0.17959844,0.06707847,0.1831679,-0.043515313,0.40035987,-0.21696459,-0.011737638,-0.36200434,-0.03669358,0.026635196,-0.18712711
-0.38185808,0.14633128,0.28044373,0.1502133,0.25334063,0.40728417,-0.16068625,-0.19520356,-0.031813867,0.2374388,-0.0017259059,0.40649605,0.37508926,0.052525107,0.18994021,-0.13996446,0.6169034,-0.28796232,0.38220116,0.1513141,0.21998723,-0.07198843,0.32846662,0.10736974,0.22555116,0.06294544,0.12262225,0.25979134,0.13981098,0.10735841,0.088361025,-0.05706587,0.26652783,0.13326412,0.055159714,0.15184718,0.04747279,-0.3378542,-0.055142153,-0.19497879,-0.060154073,0.098497435,0.3103494,0.36479616,0.10244945,0.077253245,0.19762582,0.120607026,0.0025601923,0.09564141,-0.1273495,-0.124398,0.016110014,0.029498825,0.12148981,0.10418328,0.21575585,0.0671778,0.05368796,-0.09917082,0.08847849,0.22458357,0.16477247,0.03319244,0.02499325,-0.13601571,0.010740432,-0.07141237,-0.25303885,0.27196124,-0.08134062,-0.11910754,0.028269123,-0.081619866,0.087327965,-0.037084047,-0.017818132,-0.045567725,-0.053585127,-0.066820234
0.20267159,-0.2415936,-0.26406616,-0.14887206,-0.20576946,0.24739859,0.09805506,0.39943328,0.21558633,-0.026702123,0.12108304,0.059432704,0.20503283,0.16472271,-0.2090886,0.30834693,-0.28796232,0.8834164,-0.360024,0.02437702,0.09294358,0.42733473,-0.32321116,-0.31470427,-0.16052862,-0.0077855284,0.10294839,-0.3460499,-0.22469148,0.19177352,0.3185237,-0.25614592,0.10048773,-0.0005024951,-0.53418857,-0.2512802,-0.20620033,0.29742613,-0.066999204,0.025415186,0.26799336,-0.032572083,-0.036977526,-0.37892473,-0.21018222,-0.0037952021,-0.18194327,0.18538444,0.19408801,0.2664424,0.22383162,0.20694788,0.05666468,0.20336057,-0.02929565,0.04308046,-0.28602007,-0.2921252,-0.113346644,0.07305071,-0.29302746,-0.10954516,-0.232669,0.103996776,0.29396296,0.11706442,0.12702446,0.10928136,0.25529417,0.19308157,0.11601909,0.06561564,0.088279024,0.17362005,0.034878492,0.44615063,-0.050138224,-0.020801663,0.08515529,-0.070924945
-0.00076920434,-0.02715568,0.25214386,0.1754627,0.16635504,0.436889,0.075459555,-0.24362811,0.19351232,0.1655971,0.06319002,0.42672458,0.12651628,0.15700766,0.44894186,0.07568447,0.38220116,-0.360024,0.76011753,0.053620536,0.036683626,-0.111452974,0.3563344,0.3230484,0.39768872,0.17116088,0.10661229,0.32820144,-0.11498527,-0.010158244,0.13835569,-0.016459526,0.20940244,0.122867405,0.1254947,0.0016559431,-0.124526806,-0.03384781,-0.110449046,0.115126126,-0.119601354,0.094654076,0.15774612,0.11818387,0.1989317,0.040237237,0.24440077,0.05374888,-0.08665885,-0.12613423,0.085894965,0.041833226,0.19947852,0.31453592,0.20076075,0.23423934,0.21647915,0.20383401,0.23750864,-0.23355015,-0.05406401,0.040447436,0.16768883,-0.1271721,-0.03065092,0.113635354,-0.07157858,-0.07952417,-0.15094584,0.2665738,-0.02730123,-0.21901697,0.16618782,-0.22207801,0.06539911,-0.14502409,0.114402466,0.28451794,-0.027643323,-0.14430533
-0.08222616,0.06782938,0.12497023,-0.048951462,0.06269242,0.09441761,-0.17113093,-0.21662839,-0.11688697,0.048456926,-0.08736225,0.13296673,0.029484933,0.102846436,0.03349154,-0.18906888,0.1513141,0.02437702,0.053620536,0.28973594,-0.029945584,0.15571555,0.16211504,-0.08520577,-0.09278348,-0.23281084,-0.09691289,0.16149175,0.02137132,0.09603073,0.13803694,0.056801125,0.2366502,-0.18097828,-0.05374415,-0.14140588,-0.070224695,-0.10424566,-0.044501904,-0.15205012,0.15201929,0.100903705,0.13089095,0.026233949,0.12575813,-0.19819954,0.25265256,0.07955976,0.09110725,0.11297854,-0.05255161,-0.060734183,-0.10539742,-0.00401409,0.008300504,-0.0027462845,-0.11224478,-0.13204525,-0.033709794,-0.023416733,-0.09865166,0.16287273,-0.12565468,0.043026507,0.043098357,0.08258205,0.076537654,0.027092544,0.06826348,0.24170424,0.07853625,-0.12523776,-0.015249245,-0.19879246,-0.08352051,-0.033599515,0.044747368,-0.10506084,0.06994495,0.008646482
-0.24334821,0.015183997,0.049645152,0.08250534,-0.07802512,0.29384482,-0.0696176,0.005861491,0.08394843,0.0015139601,0.1523067,0.25830913,0.18618129,0.0724221,-0.05724038,0.016078811,0.21998723,0.09294358,0.036683626,-0.029945584,0.32216337,0.023880852,0.21851484,-0.010770931,-0.060041323,-0.14790691,0.21064024,-0.0053098924,-0.00055335695,0.05958949,0.29592517,-0.26573712,0.009742101,0.16342878,-0.2205189,0.19098745,-0.056063287,0.039538972,-0.068916745,-0.093791224,-0.10786761,0.026351929,0.08755698,-0.014667009,-0.082062036,0.09615662,0.07056647,0.11268076,-0.01062152,0.09708678,-0.04838784,-0.001504127,0.09663511,-0.14137089,0.102397524,0.0013211819,0.17626971,-0.026385035,0.08664725,-0.05420687,-0.14999951,0.15238364,0.046878763,0.13112433,0.13657391,-0.1504593,0.16183136,0.033931274,-0.19147131,0.14528826,-0.09171185,0.04508392,-0.0012658508,0.11536444,0.18722087,0.10675802,-0.02082172,0.028127695,-0.093711965,-0.16561057
0.039370477,-0.3132217,-0.07579964,0.081901416,0.074076034,0.2964581,0.12152462,0.056622278,-0.010835063,-0.03749959,0.016239153,0.0044407765,0.12805647,0.06391209,-0.06407598,-0.17340876,-0.07198843,0.42733473,-0.111452974,0.15571555,0.023880852,0.47397345,-0.0747885,-0.11436929,-0.16697107,-0.1501842,0.17796405,-0.31057814,-0.06656119,-0.015988266,0.22160584,0.0057642683,0.1304689,-0.1124664,-0.32784465,-0.35134542,-0.13032873,0.13798942,-0.09738288,0.0105725555,0.14332414,0.11006423,0.14242326,-0.32495692,-0.08778608,-0.13265046,0.11471835,0.031484768,0.13832816,0.16102971,-0.087220296,0.028719625,-0.086677186,0.20799392,0.09947594,-0.011097359,-0.16727875,-0.13058534,-0.02976648,-0.11474626,-0.33891904,-0.11619304,-0.11061141,0.059460934,0.06394395,-0.0073093637,0.17045055,0.09796158,0.044141825,0.43340918,0.10289625,-0.20833558,0.09990839,-0.2709939,0.0020251635,0.106060766,0.09325704,0.03466512,0.17326674,-0.10108785
-0.37399077,0.21720228,0.05824033,0.050624058,-0.3684584,0.51548696,0.009262791,-0.4960508,0.34932095,0.10177157,0.26684648,0.7446411,-0.36228818,0.18114688,-0.19694199,-0.045927428,0.32846662,-0.32321116,0.3563344,0.16211504,0.21851484,-0.0747885,1.2165264,0.11583488,-0.026165342,-0.34744474,-0.007955067,0.38740617,0.14873043,-0.41150153,0.46694353,-0.071348995,0.20220974,-0.093807325,0.101332955,0.22311227,-0.005817177,0.024878712,-0.16804162,-0.06626396,-0.044880144,0.21259093,0.113974944,-0.22793914,0.18907893,-0.35574132,0.64794946,-0.022821384,0.20870802,0.18029834,-0.18311639,-0.25433478,0.08207305,-0.23239928,0.05706191,-0.15942289,0.17790131,-0.067086354,0.088004515,-0.27517378,-0.18026643,0.61829597,0.14871222,-0.07997206,0.1625097,-0.067891724,0.113453716,-0.016262867,0.21236446,0.2978978,-0.18448696,0.12897073,-0.24237958,-0.15267162,0.07217993,0.15817927,-0.23472968,0.1185035,0.018892912,-0.24262412
-0.010881758,0.01972863,0.076725416,0.20485906,0.0021483728,0.22870792,0.18681161,-0.19895881,0.110278115,-0.13236025,-0.015998866,-0.0792771,-0.11297602,0.0019422267,0.15071537,-0.026613923,0.10736974,-0.31470427,0.3230484,-0.08520577,-0.010770931,-0.11436929,0.11583488,0.34478217,-0.003050083,0.1825138,0.20824014,-0.09349964,0.054880958,-0.20052102,-0.10352758,0.12905283,-0.053786267,-0.0008947568,0.11720695,0.021857753,0.010417755,0.028723368,-0.22930397,0.111171745,-0.22714628,-0.10173732,-0.08198572,0.09820406,0.12154036,0.081866086,0.067836925,0.01899854,-0.1581386,-0.17413916,0.11279898,-0.042570762,0.16421911,0.0015343252,0.030184451,0.09791131,0.08066613,0.21633008,0.065110065,-0.19276837,-0.106525764,-0.18660167,0.18820886,-0.12196906,-0.2790041,-0.09451746,-0.07554911,0.0013079064,-0.22805655,-0.08620433,-0.09200951,-0.13574772,0.11972817,-0.111730345,0.028540453,-0.097970665,-0.075840004,0.11647949,-0.03544753,-0.07508996
0.37913433,-0.11471578,-0.014976874,-0.13166343,0.6486797,-0.4085788,0.25390643,0.19723833,0.09309833,-0.21325447,0.27854854,-0.39086193,0.26188824,0.12555912,0.44340256,0.61850053,0.22555116,-0.16052862,0.39768872,-0.09278348,-0.060041323,-0.16697107,-0.026165342,-0.003050083,1.7256308,0.514561,0.2508215,0.40604213,-0.20581077,0.41944435,-0.19990388,-0.18834668,0.33560002,0.3471226,0.25996244,0.12146365,-0.071832865,-0.22886644,0.36889514,0.051299304,-0.11155438,0.2881568,0.246927,0.33494925,-0.034120467,-0.028264374,-0.32045236,-0.24668661,0.08094001,0.18734266,-0.095436096,-0.02173661,0.20471828,0.36985993,-0.04965608,0.006828284,0.29092634,-0.1398094,-0.02155115,0.2959633,0.54360956,0.4428391,0.2799138,-0.035691332,0.3146047,0.07661605,-0.06785131,0.06991703,0.7421079,0.36352867,0.059243724,-0.099546894,-0.0248288,0.21507601,-0.05962635,-0.6196169,0.11766727,-0.14779365,0.1401829,-0.18799344
0.15584359,-0.023872636,-0.14584704,0.059292346,0.14382759,0.21838363,0.36985028,0.332557,0.31681824,0.18359286,-0.023141207,-0.09868709,0.23589884,-0.08227938,0.10880847,0.46039265,0.06294544,-0.0077855284,0.17116088,-0.23281084,-0.14790691,-0.1501842,-0.34744474,0.1825138,0.514561,0.9362661,0.11962516,-0.2141607,0.07522194,-0.06514247,-0.4576061,0.16183978,0.09192592,0.18672551,0.22827707,-0.03857431,0.17906699,-0.18992428,-0.058443304,0.1730329,0.017796315,-0.18743809,-0.018880894,0.30348387,-0.02782176,0.27312934,-0.43611357,0.020729447,0.028625378,-0.004231849,0.27595812,0.014247586,0.16288513,0.42938262,-0.13962583,0.20694843,-0.07696049,0.15799509,-0.19578728,0.0029485587,0.35970637,-0.31760606,0.28887206,-0.26265207,-0.14101918,-0.033123795,-0.38857207,-0.110696346,0.13418402,-0.2322461,-0.055748004,0.03847189,0.13143885,0.20657152,-0.08636091,0.22726323,-0.31116804,-0.009889283,0.044849448,0.112920634
0.019187687,-0.16468416,-0.037994266,0.23124184,0.17051645,0.31982443,0.32692784,-0.026091648,0.11061092,-0.47001165,0.17023896,-0.36212343,0.11628721,0.09688999,0.0653778,0.060744617,0.12262225,0.10294839,0.10661229,-0.09691289,0.21064024,0.17796405,-0.007955067,0.20824014,0.2508215,0.11962516,0.6306949,-0.38549274,-0.015141198,-0.022484597,0.046931572,-0.1081138,0.014905525,0.08608879,-0.25981632,-0.012281356,-0.11401881,0.12283551,-0.27701643,0.029474955,-0.2996142,-0.01687096,-0.0011500785,-0.00011946599,-0.0577589,0.095016174,-0.047451403,0.05658573,-0.09048347,0.0895481,0.04836042,-0.032996487,0.2521155,-0.049071673,0.039404586,0.014890558,0.10243657,0.0057569416,-0.014783592,-0.10007693,-0.28679714,-0.09859066,0.21269907,0.047731005,-0.12595345,-0.27493936,0.15879871,0.1748084,-0.10145177,0.23688275,-0.09138938,-0.21265887,0.16270436,0.014238785,0.15476207,-0.1286827,-0.05705876,-0.043465503,0.034829147,-0.28086108
-0.049511332,0.26947924,0.24002555,-0.21595915,0.05634758,-0.2637112,-0.37586907,-0.19863123,-0.067848906,0.25466368,0.030289955,0.4250233,0.00013438278,0.11952351,0.23246796,0.10393477,0.25979134,-0.3460499,0.32820144,0.16149175,-0.0053098924,-0.31057814,0.38740617,-0.09349964,0.40604213,-0.2141607,-0.38549274,0.7782365,-0.09804206,0.2657769,0.15574113,-0.14529361,0.19346856,0.0709674,0.25162977,0.23916318,-0.051232535,-0.18700175,0.27707005,-0.12566136,0.08600545,0.18468337,0.1356716,0.21462967,0.16760369,-0.12728038,0.20289652,-0.02474866,0.026656264,-0.008049713,-0.07560226,0.0017387759,-0.0285392,-0.033047825,0.040612765,0.014687943,0.1975014,-0.06332078,0.15622388,0.13486855,0.29983187,0.5129044,-0.079522714,0.036331408,0.27736515,0.25559282,-0.022385959,-0.10160313,0.19417103,0.058235154,0.041098177,0.10654975,-0.15369447,0.056285866,-0.03849819,-0.22995047,0.1617607,0.007842789,-0.092080116,0.033309724
-0.28306,0.13956557,0.0010349177,0.087927386,-0.034560736,0.06847855,-0.010919915,-0.11253672,-0.05689003,0.0890513,-0.098156825,-0.0117412135,-0.060683217,-0.14804396,-0.19295673,-0.20694897,0.13981098,-0.22469148,-0.11498527,0.02137132,-0.00055335695,-0.06656119,0.14873043,0.054880958,-0.20581077,0.07522194,-0.015141198,-0.09804206,0.2936087,-0.21598417,-0.16971807,0.1980871,-0.0077637844,-0.07052696,0.18202046,0.07005156,0.22463425,-0.2263785,-0.05874139,-0.10314576,-0.014751459,-0.0540511,0.04727201,0.15591756,0.025779357,-0.02215785,0.049311213,-0.033133194,0.04016256,0.024770914,-0.1431055,-0.21197566,-0.1242562,-0.16071862,-0.082459606,-0.085378304,-0.019476665,0.05934755,-0.13572806,-0.066441484,0.113739125,0.011868396,0.119275056,-0.05171457,-0.16467935,-0.20360157,-0.071826704,-0.035564385,-0.09274821,-0.118726164,-0.09095402,0.04189542,-0.10416813,-0.057535645,-0.06446413,0.06874868,-0.21802446,-0.13489349,0.019355541,0.08103504
0.079559855,-0.024293216,0.117205955,-0.1737039,0.1536981,-0.39314005,-0.32987005,0.16885774,-0.19473533,-0.009724675,-0.06304716,-0.26637074,0.34005445,0.09105388,0.2532062,0.27827287,0.10735841,0.19177352,-0.010158244,0.09603073,0.05958949,-0.015988266,-0.41150153,-0.20052102,0.41944435,-0.06514247,-0.022484597,0.2657769,-0.21598417,0.6902022,0.23893607,-0.28096035,0.21290858,0.2198081,-0.08838581,0.046744347,-0.15786377,-0.12185635,0.2767563,-0.1763454,0.093068704,0.008319608,0.16615182,0.28713122,-0.091757275,0.05369719,-0.3109126,0.102410816,-0.07940032,-0.010150055,0.046767678,0.104979694,-0.016976321,0.075294785,-0.0059418404,0.12930149,0.048081275,-0.17508374,0.06355887,0.22794853,0.14424442,0.1435283,-0.2124542,0.24409622,0.27891782,0.15667324,0.124513276,0.1456079,0.14809681,0.10020484,0.20481086,-0.11127586,0.042387363,0.13648215,-0.13167083,-0.42272183,0.18395543,-0.17823443,-0.027744206,-0.061529957
-0.33167621,-0.29547173,-0.040226586,0.037914343,-0.69572276,0.2748621,-0.24380848,-0.03774813,0.29796338,0.3025969,0.11662161,0.39591977,-0.05133166,0.13615274,-0.11415487,0.3063543,0.088361025,0.3185237,0.13835569,0.13803694,0.29592517,0.22160584,0.46694353,-0.10352758,-0.19990388,-0.4576061,0.046931572,0.15574113,-0.16971807,0.23893607,1.2082577,-0.39056072,0.30440786,0.271637,-0.17878468,-0.00371253,-0.21241337,0.21014845,0.14317696,-0.0624833,0.18659528,0.04710543,0.33775395,-0.39382088,-0.20310917,-0.28079095,0.07914882,0.08609105,0.10277706,-0.07239155,-0.14790201,-0.071645714,-0.0660496,0.12346093,0.16752493,0.086081356,0.08090029,-0.16569267,0.2833248,-0.3421521,-0.40524954,0.29032466,-0.2754651,0.24931042,0.49233788,0.108976685,0.36648077,0.30286196,0.24164718,0.42669293,0.19290286,-0.11976346,-0.09550687,-0.29931074,-0.23927198,-0.24590565,-0.07617545,0.21957807,0.10065414,-0.44134378
0.014461955,0.029000072,0.005533451,0.08477749,0.11514599,-0.038036082,0.113299154,-0.14565225,-0.12193813,0.03241945,-0.20684661,-0.18091519,-0.17186572,-0.15002233,-0.023006484,-0.28851545,-0.05706587,-0.25614592,-0.016459526,0.056801125,-0.26573712,0.0057642683,-0.071348995,0.12905283,-0.18834668,0.16183978,-0.1081138,-0.14529361,0.1980871,-0.28096035,-0.39056072,0.40855405,-0.035683602,-0.23111399,0.25111017,-0.18842474,0.17016765,-0.14536984,-0.086194724,0.047681738,0.03277116,-0.048956286,-0.041640595,0.07397663,0.12394831,-0.07033947,0.07110463,-0.09702543,0.002002661,-0.08867365,-0.04953378,-0.12082392,-0.14298272,0.051973183,-0.07505936,-0.027541602,-0.15874295,0.12923065,-0.12880999,-0.08071726,0.08349839,-0.22809099,0.07261242,-0.17233735,-0.32326794,-0.03744965,-0.17432243,-0.07317104,-0.06076387,-0.12767908,-0.0037068638,-0.098338306,0.009660589,-0.24255225,-0.13808502,-0.006820743,-0.072751686,-0.0423124,0.09397912,0.18212527
-0.09242835,-0.013065082,0.043145593,-0.04747197,-0.015719412,0.22069046,-0.063527375,-0.07566544,0.13666058,0.17181884,-0.00849024,0.15644073,0.14598256,0.14300033,0.07851713,0.21372388,0.26652783,0.10048773,0.20940244,0.2366502,0.009742101,0.1304689,0.20220974,-0.053786267,0.33560002,0.09192592,0.014905525,0.19346856,-0.0077637844,0.21290858,0.30440786,-0.035683602,0.44923976,0.02680716,0.024370547,-0.116009384,-0.06429312,-0.17624372,0.018817525,-0.123023815,0.20543158,0.078884155,0.2688182,0.106149256,0.052142814,-0.19373418,0.0537503,0.091910236,0.16662559,0.1528331,0.0048014256,-0.1068721,-0.02076635,0.23089519,-0.031776916,0.09698244,-0.08216966,-0.16904204,-0.059022155,-0.07316153,0.01732368,0.23834336,-0.041208375,0.01141191,0.19862698,0.096288204,0.023275027,0.0970389,0.35064286,0.33193806,0.113350384,-0.14277348,-0.016543807,-0.14482097,-0.21105321,-0.09526076,-0.13654931,-0.106640995,0.14262226,-0.11844457
-0.13399245,-0.19374831,-0.012947843,0.07429396,-0.043593068,-0.042972527,-0.049017377,0.27347973,0.10043509,0.27020428,0.07642976,0.07582787,0.26262188,-0.092332445,0.100199915,0.29297805,0.13326412,-0.0005024951,0.122867405,-0.18097828,0.16342878,-0.1124664,-0.093807325,-0.0008947568,0.3471226,0.18672551,0.08608879,0.0709674,-0.07052696,0.2198081,0.271637,-0.23111399,0.02680716,0.43096933,0.0818689,0.16905668,0.037309624,-0.06501488,0.2711957,0.037805483,-0.034327704,-0.003850525,0.22442156,0.07681926,-0.2261228,0.16577978,-0.3121334,-0.059487797,-0.046233524,-0.11816543,-0.1255894,0.014245055,-0.0007866581,0.21120095,0.11293328,0.10574373,0.24849932,0.08704128,0.16160911,-0.042729206,0.17152709,0.022273038,0.05512288,0.09610973,0.22994077,-0.039008625,0.030556453,0.043607872,-0.007883271,0.058221705,0.043551467,-0.0004291591,-0.0053342553,0.05889422,-0.037283946,-0.21876852,0.023720283,0.13396223,-0.023176404,-0.14171207
-0.1043874,0.08215986,0.022113914,0.0021100028,-0.03807253,-0.38737255,-0.056656305,-0.08384962,-0.05016144,0.2525299,-0.1500662,-0.1366302,-0.21323766,-0.2204884,0.04021753,0.050775103,0.055159714,-0.53418857,0.1254947,-0.05374415,-0.2205189,-0.32784465,0.101332955,0.11720695,0.25996244,0.22827707,-0.25981632,0.25162977,0.18202046,-0.08838581,-0.17878468,0.25111017,0.024370547,0.0818689,0.5867973,0.111266695,0.2548594,-0.29357392,0.26372,0.024516989,0.016311774,-0.025565254,0.10097448,0.24790226,0.040666968,-0.086487815,-0.12609333,-0.22996315,-0.020813806,-0.22548054,-0.18929954,-0.20902433,-0.17123377,0.0613422,-0.09057425,-0.021904893,0.0870859,0.15436229,-0.0036104822,-0.037249956,0.42902923,0.06981649,0.10539321,-0.12027522,-0.08081147,0.014899986,-0.19837523,-0.038279124,0.18600525,-0.23284467,0.03029874,0.017750448,-0.16479272,-0.13799226,-0.2951854,-0.37547973,-0.12262213,-0.016604578,0.05744677,0.097065076
-0.18113033,0.27614585,0.051367518,-0.05595952,-0.107218705,-0.14876528,-0.14405389,-0.03237312,0.030563092,-0.03746944,0.11365018,0.08986887,-0.031190991,-0.012107256,-0.060253568,0.13991448,0.15184718,-0.2512802,0.0016559431,-0.14140588,0.19098745,-0.35134542,0.22311227,0.021857753,0.12146365,-0.03857431,-0.012281356,0.23916318,0.07005156,0.046744347,-0.00371253,-0.18842474,-0.116009384,0.16905668,0.111266695,0.42656165,0.08092531,-0.08290505,0.068645045,-0.09719274,-0.1803794,-0.04091784,-0.07198536,0.22098817,-0.0050754044,0.121077314,-0.047582697,0.009026706,-0.08260937,-0.010714264,-0.012994158,-0.051243164,0.10635771,-0.3360233,-0.049073897,-0.06529664,0.24019897,0.026336767,0.04022651,0.11362455,0.19846462,0.2690341,0.10943374,0.060958017,0.07099986,-0.11543215,-0.000118565804,-0.03643393,-0.06825126,-0.25089556,-0.14689992,0.23939157,-0.13729097,0.33293435,0.1193257,-0.030810928,-0.09687358,-0.07261742,-0.18353991,-0.025821764
-0.19119094,0.062004037,-0.038296103,0.046004727,-0.0110774515,-0.08956255,-0.010627334,0.05202212,-0.052854378,0.21040693,-0.09613013,-0.0103798015,-0.015438892,-0.20715258,-0.14294738,-0.097259596,0.04747279,-0.20620033,-0.124526806,-0.070224695,-0.056063287,-0.13032873,-0.005817177,0.010417755,-0.071832865,0.17906699,-0.11401881,-0.051232535,0.22463425,-0.15786377,-0.21241337,0.17016765,-0.06429312,0.037309624,0.2548594,0.08092531,0.2471738,-0.21698087,0.09942501,-0.027435925,0.0232309,-0.04984376,0.057502974,0.13858199,-0.046650182,0.041549265,-0.10051306,-0.10387961,0.03260566,-0.04271241,-0.15654743,-0.14437804,-0.15317337,-0.027287418,-0.061851718,-0.058567755,0.017337255,0.09935413,-0.09132956,-0.01264322,0.2516629,-0.04016767,0.10272341,-0.06379601,-0.09176797,-0.12802777,-0.13032845,-0.076287225,-0.042675383,-0.18297012,-0.05112161,0.091372475,-0.10774962,-0.008993783,-0.08541459,0.033240292,-0.14757888,-0.05901498,0.014006439,0.12638132
0.25984654,-0.1480483,-0.13895665,-0.012312149,-0.2540831,0.11650502,0.18581757,0.033504114,0.19829759,-0.27004853,0.16474706,-0.00019143667,-0.22751628,0.14171241,-0.05476068,0.12365528,-0.3378542,0.29742613,-0.03384781,-0.10424566,0.039538972,0.13798942,0.024878712,0.028723368,-0.22886644,-0.18992428,0.12283551,-0.18700175,-0.2263785,-0.12185635,0.21014845,-0.14536984,-0.17624372,-0.06501488,-0.29357392,-0.08290505,-0.21698087,0.45606607,-0.16589722,0.18881346,-0.0737292,-0.030049706,-0.24473809,-0.4287573,-0.031804442,-0.022997446,0.07278575,0.038216203,-0.037689924,-0.030839104,0.19787554,0.1816595,0.18820289,-0.0307907,0.050418343,-0.009733245,-0.056778356,-0.03347343,0.104105815,-0.06258208,-0.37939313,-0.12289344,-0.08862792,0.0011412334,0.028207343,0.09183519,0.116455756,0.069083564,0.016382543,0.0037442746,-0.00950983,0.036127795,0.084965,0.04934751,0.13850494,0.16008823,0.07306356,0.2039008,-0.025545659,-0.13219628
-0.03555021,-0.18788408,-0.01900414,-0.10966437,0.071573585,-0.578874,-0.23017217,0.24913873,-0.19339673,0.33928612,-0.042941295,-0.07226263,0.100935526,-0.19273812,0.048308145,0.09051062,-0.055142153,-0.066999204,-0.110449046,-0.044501904,-0.068916745,-0.09738288,-0.16804162,-0.22930397,0.36889514,-0.058443304,-0.27701643,0.27707005,-0.05874139,0.2767563,0.14317696,-0.086194724,0.018817525,0.2711957,0.26372,0.068645045,0.09942501,-0.16589722,0.5629353,-0.019841364,0.15025061,0.13972735,0.2695386,0.020946104,-0.21452625,-0.055229407,-0.2670906,-0.25384215,0.046915628,-0.112340845,-0.35800627,-0.031190442,-0.2804679,0.18426114,0.060824398,-0.05515598,0.15912512,-0.024407487,0.11756335,0.1251923,0.37908998,0.17153955,-0.11642859,0.12480553,0.30924973,0.10765283,0.033171974,0.018665332,0.24889748,0.06455792,0.1710147,0.030561922,-0.16601118,-0.067986004,-0.19820207,-0.4286483,0.19608621,0.029372616,0.069745965,0.024825709
0.20453219,-0.17932281,-0.09805715,0.062722825,-0.035054862,0.06948262,0.23645422,0.10757689,0.15967894,0.014360567,0.05986796,0.02025439,-0.09525325,-0.021869928,0.0633233,0.103034094,-0.19497879,0.025415186,0.115126126,-0.15205012,-0.093791224,0.0105725555,-0.06626396,0.111171745,0.051299304,0.1730329,0.029474955,-0.12566136,-0.10314576,-0.1763454,-0.0624833,0.047681738,-0.123023815,0.037805483,0.024516989,-0.09719274,-0.027435925,0.18881346,-0.019841364,0.23316115,-0.03946854,-0.016252544,-0.09095474,-0.2081023,-0.030447815,0.05341352,-0.05353365,-0.0835629,-0.024177661,-0.11157751,0.07742675,0.10097018,0.080081284,0.21550617,0.05785619,0.04985983,0.0029540232,0.12387627,0.07451872,-0.08756313,-0.05223117,-0.21205895,0.058995042,-0.120450005,-0.05309526,0.0693491,-0.08228274,-0.04336493,0.0071103033,-0.034562215,-0.0047165602,-0.0081046615,0.08173582,-0.050299235,0.034905925,0.06669396,0.04742242,0.22850993,0.02633772,-0.013930494
-0.028564904,-0.06419735,-0.07442548,-0.14045925,-0.16660751,0.031701785,-0.13425164,0.13940209,0.057314035,0.39025033,-0.09428551,0.2670796,0.07000562,-0.006321432,-0.10975396,0.09284739,-0.060154073,0.26799336,-0.119601354,0.15201929,-0.10786761,0.14332414,-0.044880144,-0.22714628,-0.11155438,0.017796315,-0.2996142,0.08600545,-0.014751459,0.093068704,0.18659528,0.03277116,0.20543158,-0.034327704,0.016311774,-0.1803794,0.0232309,-0.0737292,0.15025061,-0.03946854,0.3614186,0.026639491,0.14792903,-0.10970959,-0.050050937,-0.14053051,-0.031182226,0.029070616,0.20248188,0.08100936,-0.018059365,0.002422208,-0.19296256,0.2506939,-0.032206107,0.04113814,-0.20422472,-0.13247655,-0.06870759,-0.00714946,0.07283798,0.04247453,-0.19173566,-0.0074745747,0.21060541,0.18995953,-0.051609408,-0.021394672,0.26150355,0.09186966,0.14510019,0.04461864,-0.06788195,-0.10043505,-0.20139842,0.17969793,-0.06511908,-0.006897154,0.11165325,0.093853585
0.013459899,-0.10161039,0.065444484,-0.008122523,0.27546626,-0.019296803,-0.011255389,-0.04693109,-0.10206495,0.042105585,0.107112534,0.18210474,0.08559416,0.03719458,0.08395374,-0.16684836,0.098497435,-0.032572083,0.094654076,0.100903705,0.026351929,0.11006423,0.21259093,-0.10173732,0.2881568,-0.18743809,-0.01687096,0.18468337,-0.0540511,0.008319608,0.04710543,-0.048956286,0.078884155,-0.003850525,-0.025565254,-0.04091784,-0.04984376,-0.030049706,0.13972735,-0.016252544,0.026639491,0.26641235,0.17720215,-0.11796352,0.0011152162,-0.12097951,0.20582253,-0.12782516,0.10676265,0.13282275,-0.2494553,-0.007444215,-0.07818885,0.08943689,0.12721927,-0.09657675,0.12052438,-0.065431446,0.07231556,0.03788131,0.030846259,0.23703445,0.015088739,0.032522496,0.15773685,0.03001639,0.09652428,-0.04322736,0.104093954,0.35923707,0.016736183,-0.052703608,-0.04859067,-0.12962586,0.09188355,-0.09750461,0.22500841,0.04955351,0.06740733,-0.044278495
