1.159638,-0.08875105,-0.3322217,0.14827968,-0.00069687585,0.40404975,0.5322919,0.19956821,0.24107267,-0.031688806,-0.03987054,-0.098791525,-0.029347552,0.12019029,-0.133139,-0.20969194,0.086082086,-0.14608422,-0.05120908,0.2025844,0.5933635,0.26894864,-0.18229958,-0.0137242135,0.0030211157,0.13335708,-0.022671834,-0.36046305,-0.020004775,-0.22557048,0.100900345,0.701991,0.20422974,0.20763302,0.20627315,-0.32515106,0.3956203,-0.034382764,-0.4518555,0.09601847,0.06672327,-0.032455698,-0.30070913,0.021653187,0.25468662,0.313473,0.10844799,0.09932637,-0.1973589,-0.09715913,0.7325824,0.06925237,0.33011183,0.47432214,-0.062774,0.20899086,0.29918274,0.017687052,0.10583508,-0.35345063,-0.10530865,-0.100223325,0.20976074,-0.21119957,-0.03251819,0.41285533,-0.004174488,0.2736052,0.45105976,0.16512044,-0.24811736,-0.16756073,0.18281145,-0.30666137,-0.22671546,0.110873684,-0.40826482,0.1286164,0.11377021,0.29506028
-0.08875105,0.32656708,-0.090109706,-0.10401316,-0.21200462,-0.035457816,-0.12862541,-0.11437349,0.06994107,-0.2011212,0.092339665,-0.045356035,0.0040995805,-0.035184335,-0.18898539,0.09541226,-0.007401833,0.13666025,0.19863927,0.068565354,0.1666441,0.097491585,0.05576008,0.0733853,-0.1908711,0.14314146,0.20144628,0.082912005,0.070036665,-0.047886975,-0.012717017,-0.24351631,-0.007176282,-0.16919266,0.015702061,0.16136235,-0.14928722,0.034700193,-0.026560647,-0.11044338,0.20614006,-0.12957978,-0.036354553,-0.090338275,0.047954537,-0.5301319,-0.024069613,-0.02175086,-0.09519682,-0.05533853,0.10749465,-0.013699666,0.2670671,-0.022852179,-0.010525481,-0.033379648,-0.02647491,0.02380135,-0.12237179,-0.17226061,0.0739238,0.007958071,-0.09213439,0.21090648,0.10419705,-0.018653432,-0.10410597,-0.32117665,-0.045874003,-0.18588516,0.10972509,0.19991413,-0.24438363,0.1863652,-0.03179549,0.1532343,-0.3861628,-0.13725008,-0.21589893,-0.06515691
-0.3322217,-0.090109706,0.2650348,-0.08048326,0.03855572,-0.14220187,-0.05025411,0.081791855,-0.043923825,0.20829615,-0.048267342,0.050146453,0.09691358,0.017454715,0.07741254,0.025251286,-0.0645045,-0.065532565,-0.035978366,-0.019704605,-0.22849436,-0.2542713,8.113069e-06,-0.047129497,0.08598866,0.04582625,-0.08728923,0.20939335,0.056577064,0.15757352,0.06610057,-0.2518757,0.0028340125,0.067861475,-0.0067297807,0.1166921,0.06733939,0.018139428,0.31107804,-0.12306461,0.045114048,0.21900709,0.28971893,0.16309328,-0.1901939,0.190382,-0.089807294,0.1253425,0.25611162,0.05734325,-0.070697166,0.11396412,-0.055658374,-0.2082388,0.08969633,0.0349537,-0.13540201,-0.043341972,-0.013443243,0.26919907,0.093556724,0.04479866,-0.0046685156,0.08296361,-0.14134921,-0.15181017,-0.041961446,-0.08112129,-0.13937652,-0.016170342,0.13792466,-0.05048188,0.2134886,0.071578465,0.13890603,-0.04446072,0.2928205,-0.011504391,0.100331165,-0.02714663
0.14827968,-0.10401316,-0.08048326,0.22356692,0.027145214,0.1352861,0.07601805,-0.033809207,-0.011619485,0.23590097,-0.06719888,0.08179907,0.058203466,-0.042031877,0.070399076,-0.04394926,0.01810515,0.07382272,0.087647595,-0.09853109,-0.20876995,0.20694263,-0.11438238,0.11718367,0.041377705,-0.034800764,0.025230564,-0.09067035,-0.047970593,-0.13864902,0.00456997,0.13242444,0.023428837,0.04481046,0.021028444,-0.134847,-0.00921244,-0.0034338431,-0.12254438,0.23701164,0.031210072,-0.10074145,-0.04692648,-0.03917659,-0.006339818,0.1749876,-0.102019995,-0.24630196,-0.18955548,-0.1311373,0.065495715,-0.018459065,-0.18516393,0.24380106,0.037255466,0.08846841,0.116504736,0.121265255,0.09854153,-0.037111342,-0.012931604,-0.09200225,0.059509534,-0.087993585,-0.059105713,0.06290682,0.14471762,0.27541807,0.19688196,0.060744014,-0.059505656,0.015301292,-0.06293855,-0.086436726,0.12997815,-0.31215572,-0.14273863,0.30566168,0.15375832,0.013223036
-0.00069687585,-0.21200462,0.03855572,0.027145214,0.31488755,-0.01838694,-0.08120209,0.14381242,0.054966945,0.1566101,0.09721017,0.066873215,-0.13813934,0.07667949,0.2359326,0.26506892,0.028130466,-0.14969622,-0.1321577,0.02063775,0.019406535,-0.031232158,0.12293077,-0.0700113,0.27907202,-0.05287118,-0.04568989,0.04235024,-0.08915938,0.06784856,-0.14913061,0.25419295,-0.016416827,0.09396509,-0.028671404,-0.07889426,-0.04170056,0.012100285,0.084672086,0.13618118,-0.16183908,0.08975733,-0.046534557,0.08603997,-0.02851265,0.18983845,0.16229257,0.09130879,0.11147059,0.20926675,-0.23180223,-0.00061304617,-0.42690367,0.06702085,-0.027371194,-0.05174426,0.014615704,-0.061031006,0.06319561,0.10279629,-0.017678153,0.06675911,0.08196084,-0.1594927,0.060562603,-0.057746686,-0.046037678,0.05488566,0.06623487,0.17958222,-0.08993164,-0.09077694,0.07149077,-0.107214615,-0.06709318,0.16708961,0.33736762,0.04103415,-0.06347689,0.065357536
0.40404975,-0.035457816,-0.14220187,0.1352861,-0.01838694,0.2540497,0.24331996,0.10428887,0.16192055,0.08392195,0.0017321532,0.06709276,0.045093227,0.032814357,0.0345642,-0.13276723,0.14189439,-0.017895212,0.14331236,-0.033145897,0.28439167,0.07495559,-0.12508073,0.1139785,0.026196998,0.11861136,0.030982396,-0.163528,-0.05739326,-0.01665815,0.04251787,0.22508481,-0.047072306,0.08676836,0.11068855,-0.16836306,0.08694873,0.015812324,-0.2101384,0.14082229,-0.047365855,-0.16676469,-0.1283307,-0.043743514,0.02137135,0.17976883,-0.11411135,-0.08343353,-0.19651653,-0.10220619,0.18694186,0.02925938,0.16848613,0.24037342,-0.027815482,0.11184299,0.22643058,0.08154913,0.09672411,-0.10343319,0.003968103,-0.110173225,0.1324871,-0.05352795,-0.03581277,0.053157162,0.06984945,0.200327,0.15164001,0.08994352,-0.16008513,-0.06654075,0.09701907,-0.13243175,-0.07012427,-0.241781,-0.27180177,0.26135242,-0.019729316,-0.0375392
0.5322919,-0.12862541,-0.05025411,0.07601805,-0.08120209,0.24331996,1.5556896,0.30327278,0.26968992,0.37359297,-0.016228108,0.24158011,-0.03642115,0.07140595,-0.51319903,-0.899936,-0.101356745,-0.251802,-0.022785345,-0.10604364,0.32143146,-0.32981047,-0.21985407,0.20582819,-0.07460679,-0.37473327,0.15749933,-0.21515414,0.060771096,-0.024404125,0.525438,-0.4478564,0.021133287,0.18903194,-0.1690252,-0.12674822,0.17616196,0.30395052,-0.081417084,0.10884166,0.08167908,-0.07673048,-0.25345215,-0.46163693,0.0988351,0.22896579,-0.50951385,0.07133621,0.28591987,0.1270859,1.111829,0.37293446,0.8777719,0.3021205,-0.214298,0.31939432,0.029537689,-0.11290199,-0.058635816,-0.7358154,-0.24398725,0.06637532,0.18411271,0.12563185,0.348764,0.10238273,0.16778235,0.516847,-0.012797344,0.25948325,0.43137673,-0.16733389,0.38069698,-0.25227487,-0.08537895,0.10931773,-0.2980764,-0.3168377,0.48571536,-0.34487757
0.19956821,-0.11437349,0.081791855,-0.033809207,0.14381242,0.10428887,0.30327278,0.5724736,0.20183344,0.4613788,-0.049570743,0.09431567,0.108056895,0.046843775,0.20103583,-0.29601663,0.17782192,-0.05005368,-0.026676917,0.09659905,0.4569017,-0.22085416,-0.21171193,0.064131685,0.17517322,0.22000013,0.2627949,0.031218925,0.02290011,0.24222808,0.030842036,0.1750566,-0.10157161,0.3286276,0.06574859,0.057278283,0.15581012,0.24086434,0.24685585,-0.0763004,0.14326198,-0.11564931,-0.034929913,0.075916894,-0.16293894,0.08852749,-0.08555486,0.31161198,0.19927359,0.17736362,0.26774365,0.17657971,0.28643343,0.25088996,-0.093856715,-0.00958621,0.14622664,-0.08672836,-0.09122477,0.23050249,0.0509826,-0.09244291,0.28338823,-0.09720672,-0.07356551,0.021885421,-0.019889807,-0.26553842,-0.1395768,-0.018640215,-0.02255174,-0.18126456,0.19240433,-0.022840964,0.12535812,0.27994978,-0.0052853427,-0.0138013875,-0.0045006475,0.17539181
0.24107267,0.06994107,-0.043923825,-0.011619485,0.054966945,0.16192055,0.26968992,0.20183344,0.57979745,0.39073497,0.28857762,0.4221002,0.067344435,0.20016927,-0.04641621,0.08502378,-0.0038770465,-0.11546521,0.20752355,-0.055119235,0.48320735,-0.21041586,0.24761127,-0.06547342,0.21710138,0.31166777,0.10371972,0.17594069,-0.12616348,0.19654787,-0.06325304,-0.027237969,-0.033666093,0.05866403,0.13835137,-0.17687818,0.26756215,0.039489593,0.19373603,0.11594897,0.04646219,-0.27720898,-0.11855288,-0.06390951,-0.012357016,-0.12766907,-0.017280826,-0.0007258896,0.04327553,0.0068676244,0.4443667,0.16389906,0.3260223,0.21123438,0.15968177,0.20918603,-0.057814416,0.030147903,0.15450023,-0.17562218,0.09890963,0.05086172,-0.118949324,0.004208807,0.06839662,0.06717287,-0.14080037,-0.25738102,0.3395077,0.10396006,0.12778537,-0.00058899785,0.04253913,-0.101157956,-0.34447107,0.3369557,-0.1808573,-0.028739344,-0.24796979,-0.03715839
-0.031688806,-0.2011212,0.20829615,0.23590097,0.1566101,0.08392195,0.37359297,0.4613788,0.39073497,1.3746238,-0.05178552,0.54553944,0.35882422,-0.0009218919,0.102472596,-0.26632068,-0.1331171,0.048935253,0.12665816,-0.2161951,-0.3613206,-0.19844674,-0.08725303,0.10463825,0.3417983,0.2448405,0.30670032,0.3039427,-0.006233967,0.11832934,-0.03303806,-0.113489285,0.0581327,0.29541472,0.1247997,-0.041183125,0.3998179,0.22423036,0.71339864,0.26765278,0.50063306,-0.30095753,0.17602679,0.08003854,-0.25822836,0.080927454,-0.31302378,-0.11541129,0.17470066,-0.068478376,0.70171726,0.33276436,-0.03321184,0.5235037,0.26596117,0.3049192,-0.10782649,0.078973524,0.09794715,0.21572922,0.20394889,-0.12183049,0.044038773,-0.142211,-0.2349281,0.10820991,0.05911018,-0.30902115,0.36050096,-0.02167919,0.3878022,-0.0033876016,0.0015911293,-0.024849791,0.30935386,0.19674379,-0.039928608,0.21879835,0.26846918,0.2503854
-0.03987054,0.092339665,-0.048267342,-0.06719888,0.09721017,0.0017321532,-0.016228108,-0.049570743,0.28857762,-0.05178552,0.31684405,0.21007122,-0.1403947,0.1706864,-0.0011097499,0.415427,-0.022600219,-0.09626233,0.15215853,0.040789537,0.29590893,-0.014423749,0.3065947,-0.057590693,0.1436065,0.08295339,0.04170025,0.1852523,-0.10714945,0.07352238,-0.06145938,-0.14691775,-0.021614665,-0.082058504,-0.041057136,-0.071941406,-0.13832547,-0.0047772885,-0.02937762,0.088956036,-0.0926115,-0.0014471211,-0.11809421,-0.09560964,0.015211012,-0.18693049,0.11255864,-0.028430251,0.058804024,0.13221274,-0.0208652,0.019989543,-0.0223694,-0.01116232,0.050945256,0.033298243,-0.0839941,0.007163887,0.06868356,-0.22919326,0.008548027,0.17066975,-0.12873435,0.115865104,0.23477854,-0.0737362,-0.14214584,-0.05009238,0.1554988,0.12752633,0.07756784,0.08498855,-0.06434502,-0.021235801,-0.26636058,0.22950232,-0.045245897,-0.08852991,-0.25558278,-0.17924716
-0.098791525,-0.045356035,0.050146453,0.08179907,0.066873215,0.06709276,0.24158011,0.09431567,0.4221002,0.54553944,0.21007122,0.60466504,0.17321602,0.20080163,0.10216167,-0.05492578,-0.066898786,0.06577676,0.1782176,-0.15976569,0.15268564,-0.15431501,0.20524934,-0.12089664,0.22236338,0.11924678,0.09423784,0.26468602,-0.22191092,0.21641439,0.043685887,-0.26628798,-0.069262564,0.12926996,-0.070405506,-0.25763604,0.1708799,0.04461622,0.17257085,0.18480878,-0.03555447,-0.27983764,-0.13556382,-0.2202303,-0.12849522,0.014976613,-0.02185542,-0.26735467,0.10289127,-0.04634043,0.27125984,0.05705162,0.25529712,0.154279,0.26215786,0.15091744,-0.21185505,0.12834421,0.2130719,-0.046016354,-0.05504551,0.09704858,-0.27374882,-0.0420304,0.060007416,0.1517278,0.08533418,0.0053589568,0.28805372,0.08249912,0.20497108,-0.010408574,-0.09929485,-0.10964954,-0.10608293,0.12438889,-0.015827416,-0.009425527,0.050641146,-0.0947336
-0.029347552,0.0040995805,0.09691358,0.058203466,-0.13813934,0.045093227,-0.03642115,0.108056895,0.067344435,0.35882422,-0.1403947,0.17321602,0.33181542,-0.00070854387,0.10079326,-0.27815342,0.01344878,0.18874727,0.099959254,-0.057084735,-0.056480456,-0.055442866,-0.15457197,-0.03877006,-0.021721896,0.2455232,0.048441302,0.10417817,-0.013382208,0.11106829,0.07351863,-0.04941098,-0.005108515,0.15475081,0.09251642,-0.04454233,0.27977103,0.00092799583,0.16343193,-0.07299872,0.17720766,-0.15025425,0.123909555,0.06537463,-0.15851997,0.09998759,-0.093431614,-0.10513953,-0.021774234,-0.22636667,0.20947395,0.027536608,0.28927055,0.06570495,0.204225,0.08426193,-0.048073422,0.11874551,0.066952154,0.2990311,0.06591044,-0.11997537,-0.081310056,-0.04670218,-0.29497367,0.15998499,0.10176965,-0.14470758,0.06698432,-0.1684506,0.026750797,-0.038183995,-0.009198329,0.037381142,0.1979135,-0.15047102,-0.10376198,0.14716604,0.15456864,0.16289552
0.12019029,-0.035184335,0.017454715,-0.042031877,0.07667949,0.032814357,0.07140595,0.046843775,0.20016927,-0.0009218919,0.1706864,0.20080163,-0.00070854387,0.25337434,0.14317404,0.26289526,-0.0018716197,-0.030634597,0.09092426,0.18538357,0.36212125,0.0671766,0.10703268,-0.15093297,0.13644642,0.13279818,-0.008698059,0.2056991,-0.11508504,0.08347647,0.14634043,-0.08068025,0.0656552,0.1513176,-0.0831123,-0.16054094,-0.006743272,-0.00921621,-0.16905957,-0.027263194,-0.057086572,0.21306643,-0.077481695,-0.031502035,-0.08787054,0.17772786,0.17543307,0.00033770024,0.17000079,0.08612011,0.11573202,0.012643075,0.15249985,-0.0069235824,0.12544881,0.050933022,-0.08585103,0.05749924,0.09540848,-0.050138652,-0.09618975,0.17325407,-0.095520176,0.07333924,0.075790964,0.11958682,-0.033860967,0.1678666,0.16067182,0.10715351,0.00874986,-0.049235962,0.06894142,-0.07923608,-0.05569248,0.09849179,-0.0042057945,-0.026634645,0.05574576,-0.028851783
-0.133139,-0.18898539,0.07741254,0.070399076,0.2359326,0.0345642,-0.51319903,0.20103583,-0.04641621,0.102472596,-0.0011097499,0.10216167,0.10079326,0.14317404,0.7054675,0.357458,0.27830756,0.16987504,0.102234386,0.17100099,0.2500524,0.21843354,-0.12660983,-0.060727675,0.2562882,0.2681107,0.058749,0.16623211,-0.17716816,0.1974956,-0.045740873,0.29489213,-0.12835939,0.30369535,-0.051516004,-0.11516854,-0.20283313,0.011823664,-0.1719478,0.024642672,-0.17906414,0.12800626,-0.009480364,0.15880772,-0.30793092,0.37808868,0.23508494,-0.05065161,-0.0058602304,0.0726321,-0.60242033,-0.17112572,-0.30866304,0.042430706,0.08365612,-0.18769906,0.1501393,0.1450307,0.096847445,0.5681934,-0.028028924,-0.018059205,0.11567621,-0.11770613,-0.17705645,0.0012197918,0.10844281,0.1509545,-0.06278135,0.010097544,-0.38054863,-0.12843013,-0.009608773,-0.014732666,0.29108062,-0.30108744,0.17330557,0.40460536,-0.016639283,0.12353376
-0.20969194,0.09541226,0.025251286,-0.04394926,0.26506892,-0.13276723,-0.899936,-0.29601663,0.08502378,-0.26632068,0.415427,-0.05492578,-0.27815342,0.26289526,0.357458,1.6430862,-0.03857551,-0.07904388,0.36009857,0.42424518,-0.027107796,0.5801187,0.38110474,-0.029567273,0.3011442,0.3545176,-0.021331675,0.5377516,-0.035707384,-0.18865201,-0.15393169,-0.03922533,0.24133807,-0.13513713,-0.0026915716,0.06794182,-0.5971381,-0.14447089,-0.24022974,0.1089459,0.10192458,0.7280465,0.22592278,0.3606382,-0.16001642,-0.035686024,0.39635226,-0.034143463,0.038287256,0.21136191,-0.5346631,-0.047150176,-0.9578354,-0.10525843,0.18257873,-0.005580253,-0.014681869,0.12823008,0.06526273,0.0051641455,0.20569955,0.30355492,-0.024266504,0.3530991,0.11829701,-0.28035367,-0.36184397,0.07942446,0.35806006,0.15189706,-0.08594682,0.29714844,-0.112657435,0.15450807,0.052202508,-0.05343327,-0.033343937,0.37445477,-0.33811793,-0.07222657
0.086082086,-0.007401833,-0.0645045,0.01810515,0.028130466,0.14189439,-0.101356745,0.17782192,-0.0038770465,-0.1331171,-0.022600219,-0.066898786,0.01344878,-0.0018716197,0.27830756,-0.03857551,0.30352673,0.05857543,0.124332376,0.04457258,0.4113177,0.035126768,-0.18341458,0.12610108,0.018311758,0.16103649,0.09266173,-0.121664956,-0.05210178,0.1380096,-0.019642897,0.22076975,-0.20522569,0.108555965,0.046245456,-0.009448655,-0.15593603,0.062968135,-0.20208278,-0.008718716,-0.16458458,-0.12026958,-0.09273656,0.015123833,-0.1011974,0.10499389,-0.038681194,0.049080852,-0.15128808,0.023367578,-0.3191183,-0.07527388,0.085739814,0.055669397,-0.13317618,-0.121778145,0.28562158,0.041757926,-0.014973286,0.1942887,0.016237268,-0.12098364,0.21960796,-0.021789588,-0.045583695,-0.11088214,0.062028963,0.05820999,-0.20254509,-0.0060905092,-0.31558272,-0.09397645,0.07169264,-0.006300453,0.05126529,-0.2821126,-0.12138054,0.24745226,-0.17661816,-0.06819444
-0.14608422,0.13666025,-0.065532565,0.07382272,-0.14969622,-0.017895212,-0.251802,-0.05005368,-0.11546521,0.048935253,-0.09626233,0.06577676,0.18874727,-0.030634597,0.16987504,-0.07904388,0.05857543,0.4095583,0.15696701,0.09019243,-0.0038644704,0.357307,-0.18214037,0.031091323,-0.14493132,0.101640634,0.27947482,0.092804246,-0.03909988,-0.06628543,0.07360623,-0.10780849,-0.014345648,0.08364377,-0.12335354,0.020367086,-0.18022579,0.0636096,-0.17291087,-0.036540516,0.20345105,-0.14970677,-0.11335439,-0.14189762,-0.1041895,-0.24544935,0.06775969,-0.25684327,-0.13197118,-0.14709091,-0.03657501,-0.16729945,0.16215077,0.13301305,0.08323134,-0.13187318,-0.012299389,0.17301925,-0.0607959,0.14336407,-0.09013174,-0.054544564,-0.09704845,0.021638187,-0.048645224,0.2234488,0.17686139,-0.049864877,-0.031270742,-0.25326842,-0.023132712,0.114640236,-0.40831637,0.1394501,0.36452585,-0.10435577,-0.3240616,0.07143632,0.14399712,0.12780906
-0.05120908,0.19863927,-0.035978366,0.087647595,-0.1321577,0.14331236,-0.022785345,-0.026676917,0.20752355,0.12665816,0.15215853,0.1782176,0.099959254,0.09092426,0.102234386,0.36009857,0.124332376,0.15696701,0.5581562,0.09010942,0.21778087,0.26290643,-0.08782649,0.26901677,-0.0077120475,0.34069043,0.2705592,0.24290143,-0.005727088,-0.02302232,0.16537224,-0.377681,-0.03817262,0.006389269,0.01594099,0.03970733,-0.34489515,0.10386395,-0.20458359,0.100934565,0.22295295,0.030672496,0.05689277,-0.05285111,-0.21924758,-0.10912929,-0.23628151,-0.22344443,-0.13411364,-0.09014875,0.09662373,0.08012826,0.15283991,0.15266326,0.08060558,0.12690923,0.15442286,0.21420182,0.00992255,-0.10912006,0.1386589,0.0027966406,0.07233773,0.36862975,0.03854605,-0.16701527,-0.0066236933,0.1235192,0.095954984,-0.033808526,0.050825458,0.19268754,-0.06771168,0.13048857,0.20889565,-0.42851537,-0.5904357,0.39573583,-0.08864719,-0.28269702
0.2025844,0.068565354,-0.019704605,-0.09853109,0.02063775,-0.033145897,-0.10604364,0.09659905,-0.055119235,-0.2161951,0.040789537,-0.15976569,-0.057084735,0.18538357,0.17100099,0.42424518,0.04457258,0.09019243,0.09010942,0.51694256,0.39744762,0.42244476,-0.13956064,-0.03488432,-0.01620706,0.18463452,0.21087284,0.21734391,0.063511685,-0.12262953,0.2363585,-0.028177503,0.20243745,0.20449781,-0.13234645,0.08682147,-0.27848467,0.09272641,-0.348048,-0.2084119,0.2590824,0.51224506,-0.027984098,0.08591985,-0.1097423,0.010198624,0.25483003,0.1798541,0.20138736,0.1786105,0.14324768,-0.0019658662,0.088860236,0.055201765,-0.018132258,-0.08232557,0.039601397,0.029039057,-0.15204032,-0.015408358,-0.0937133,0.16140348,0.12298545,0.2110108,0.082247384,0.14896004,-0.08917399,0.089453354,-0.004796912,-0.059355643,-0.030971628,0.038571175,-0.0378147,0.09759022,0.29406822,0.17774206,-0.24095882,-0.045839384,0.14663698,0.15407622
0.5933635,0.1666441,-0.22849436,-0.20876995,0.019406535,0.28439167,0.32143146,0.4569017,0.48320735,-0.3613206,0.29590893,0.15268564,-0.056480456,0.36212125,0.2500524,-0.027107796,0.4113177,-0.0038644704,0.21778087,0.39744762,1.625722,-0.009587748,-0.040747665,-0.08284598,0.0620998,0.41524747,0.30682206,-0.0053690453,-0.18464811,0.34801456,0.17716622,0.20377085,-0.21166925,0.3147771,-0.035959247,-0.1797967,-0.075475276,0.17580183,-0.49398288,-0.21386091,-0.20939165,-0.14523382,-0.50734615,-0.22165035,-0.0454252,-0.09573387,0.2432649,0.29579258,0.07546655,0.23741652,0.18170924,-0.031065319,0.9404701,0.15322329,-0.15243714,-0.12912644,0.24639212,-0.005394045,-0.031940684,-0.14012575,-0.18062368,0.09115003,0.13372982,0.073776096,0.26134497,0.18448369,-0.078841984,-0.07814371,-0.11750619,0.052119877,-0.30982602,-0.19476376,0.094084464,-0.109577306,-0.30356392,0.37240016,-0.42746043,-0.18033981,-0.3557149,-0.07121863
0.26894864,0.097491585,-0.2542713,0.20694263,-0.031232158,0.07495559,-0.32981047,-0.22085416,-0.21041586,-0.19844674,-0.014423749,-0.15431501,-0.055442866,0.0671766,0.21843354,0.5801187,0.035126768,0.357307,0.26290643,0.42244476,-0.009587748,0.99311304,-0.2214162,0.13317263,-0.103754975,0.07011115,0.30797496,0.087677225,-0.0051318514,-0.48021147,0.16008323,0.1106959,0.26309317,0.08552525,-0.17816184,-0.04501125,-0.53397864,0.026908765,-0.70112956,0.130889,0.33202076,0.33446085,-0.18424466,-0.05937505,-0.020726388,-0.08686733,0.24813168,-0.32418385,-0.22891559,-0.058417242,0.02287026,-0.1956756,-0.31572044,0.35111973,0.023488598,-0.0810275,0.16506903,0.2520056,-0.06791536,-0.17767882,-0.15245958,0.06333476,0.07835079,0.14483984,0.107718095,0.27483118,0.11328874,0.4278394,0.27669558,-0.083134346,-0.13731964,0.23425806,-0.45953155,0.08498271,0.49783033,-0.24495268,-0.59566337,0.32837793,0.26669577,0.16554664
-0.18229958,0.05576008,8.113069e-06,-0.11438238,0.12293077,-0.12508073,-0.21985407,-0.21171193,0.24761127,-0.08725303,0.3065947,0.20524934,-0.15457197,0.10703268,-0.12660983,0.38110474,-0.18341458,-0.18214037,-0.08782649,-0.13956064,-0.040747665,-0.2214162,0.5420551,-0.25998464,0.16268317,-0.038045872,-0.21637338,0.14206971,-0.12913255,0.09614794,-0.2774129,-0.023058822,0.0096828975,-0.23878948,0.032498203,-0.11097643,0.13743514,-0.17706092,0.23343296,0.08246262,-0.22348213,-0.10386262,-0.04480121,-0.017678287,0.15553668,-0.23559302,0.24281943,-0.027339619,0.0533522,0.06421123,-0.14805236,-0.037685186,-0.2336624,-0.19046305,0.14896911,0.03034246,-0.28391156,-0.06888003,0.15559225,-0.15363793,0.040076647,0.17484263,-0.34891248,-0.069838524,0.1504303,-0.034186903,-0.20176186,-0.2578384,0.24255891,0.12570678,0.11251685,0.07212073,-0.09713118,-0.058883883,-0.51191163,0.433789,0.32229018,-0.26460287,-0.33843437,-0.05918024
-0.0137242135,0.0733853,-0.047129497,0.11718367,-0.0700113,0.1139785,0.20582819,0.064131685,-0.06547342,0.10463825,-0.057590693,-0.12089664,-0.03877006,-0.15093297,-0.060727675,-0.029567273,0.12610108,0.031091323,0.26901677,-0.03488432,-0.08284598,0.13317263,-0.25998464,0.42321664,-0.08976036,-0.0020692372,0.252523,-0.0816044,0.13696471,-0.1301339,0.090366274,-0.19044973,-0.07866359,-0.050852746,0.016112296,0.19492982,-0.35636815,0.18614581,-0.08246689,0.1320756,0.19674313,-0.031824417,0.061330643,-0.045453373,-0.07944089,-0.09779915,-0.39870703,-0.049476348,-0.14890616,0.00977233,0.048242968,0.12307687,-0.04737979,0.19376181,-0.20190133,0.04893222,0.28624025,0.03826246,-0.14386152,-0.15579002,0.12375187,-0.123991854,0.32566136,0.22713844,0.07628091,-0.28895888,0.04270068,0.1417253,-0.16022031,-0.007875002,0.04015447,0.11964476,0.030345803,0.10915181,0.25699145,-0.39498118,-0.40830514,0.2929855,-0.01021636,-0.24747442
0.0030211157,-0.1908711,0.08598866,0.041377705,0.27907202,0.026196998,-0.07460679,0.17517322,0.21710138,0.3417983,0.1436065,0.22236338,-0.021721896,0.13644642,0.2562882,0.3011442,0.018311758,-0.14493132,-0.0077120475,-0.01620706,0.0620998,-0.103754975,0.16268317,-0.08976036,0.33586147,0.123023584,-0.05567277,0.15652642,-0.117452905,0.14655213,-0.13368443,0.17919753,-0.0137698315,0.12609586,0.050892416,-0.1296641,0.089099325,-0.007530653,0.18326262,0.14735046,-0.10545128,0.04525642,0.03096603,0.13234666,-0.104536586,0.23790798,0.10593778,0.043321777,0.11516025,0.12619507,-0.10241419,0.062096514,-0.3171264,0.08630489,0.103476994,0.05643337,-0.020859122,-0.002023728,0.14381692,0.15918617,0.06379984,0.057512607,0.018477023,-0.121700376,-0.034530293,-0.05239065,-0.072325975,-0.013245116,0.1883656,0.17357916,-0.043844994,-0.0842636,0.1249489,-0.110100515,-0.09516371,0.11242787,0.27416238,0.1383551,-0.09032269,0.055277027
0.13335708,0.14314146,0.04582625,-0.034800764,-0.05287118,0.11861136,-0.37473327,0.22000013,0.31166777,0.2448405,0.08295339,0.11924678,0.2455232,0.13279818,0.2681107,0.3545176,0.16103649,0.101640634,0.34069043,0.18463452,0.41524747,0.07011115,-0.038045872,-0.0020692372,0.123023584,0.67271554,0.14633201,0.27779517,-0.00660474,0.16653325,-0.06173896,0.13467652,0.00920407,0.15158935,0.26576412,0.019526752,0.14912733,-0.0038530407,0.10971365,-0.11285505,0.26306826,-0.012902137,0.17657043,0.29757017,-0.22640568,-0.02948234,0.04543737,0.084008165,-0.06435449,-0.119472355,0.10607279,0.07815183,0.1627487,0.11820839,0.21599817,0.0916308,0.111469485,0.1320441,0.05906994,0.3470739,0.27033472,-0.08726561,0.046028957,0.10016463,-0.295082,0.010516606,-0.16833636,-0.40804645,0.18256243,-0.14644706,-0.13196468,0.036408246,0.04359915,0.11338165,0.07528667,-0.03210561,-0.3057268,0.3307284,-0.25926122,0.19146943
-0.022671834,0.20144628,-0.08728923,0.025230564,-0.04568989,0.030982396,0.15749933,0.2627949,0.10371972,0.30670032,0.04170025,0.09423784,0.048441302,-0.008698059,0.058749,-0.021331675,0.09266173,0.27947482,0.2705592,0.21087284,0.30682206,0.30797496,-0.21637338,0.252523,-0.05567277,0.14633201,0.63563865,0.17628808,0.06479234,-0.0646412,0.120583884,-0.26845923,-0.02156636,0.14017321,-0.15086237,0.20142685,-0.37910306,0.33700037,-0.037188753,0.0077223764,0.46407917,-0.14593835,-0.18801187,-0.21092512,-0.13063732,-0.5232891,-0.10130839,-0.025284339,0.041960925,0.12779875,0.3349681,0.0687772,0.27824548,0.38885602,-0.108920306,-0.08485099,0.095097214,0.060245357,-0.24526566,-0.13523704,-0.01975289,-0.0070816325,0.15998279,0.19233713,0.20998648,0.07387184,0.03465495,-0.2319096,-0.098047614,-0.19598602,0.18908267,0.17722833,-0.3643273,0.19950812,0.3968999,0.26408604,-0.5741383,-0.057478987,0.038404,0.03474304
-0.36046305,0.082912005,0.20939335,-0.09067035,0.04235024,-0.163528,-0.21515414,0.031218925,0.17594069,0.3039427,0.1852523,0.26468602,0.10417817,0.2056991,0.16623211,0.5377516,-0.121664956,0.092804246,0.24290143,0.21734391,-0.0053690453,0.087677225,0.14206971,-0.0816044,0.15652642,0.27779517,0.17628808,0.5617547,-0.0060080527,0.08725596,0.12573592,-0.4869142,0.12683286,0.102314666,-0.106376745,0.09890021,-0.16232063,0.0719291,0.1850722,-0.090752,0.3006964,0.33249247,0.1996652,0.086823665,-0.27864447,-0.10457074,0.08668327,-0.0141239185,0.31549644,0.10480513,0.11185829,0.10800973,-0.02563716,-0.061623897,0.25083905,0.059844054,-0.24842036,0.08632173,-0.014576706,0.11997351,0.08365155,0.21445611,-0.1532566,0.2811399,0.011802167,-0.023909325,-0.12956138,-0.16676697,0.11351507,-0.06694359,0.2840847,0.14500684,-0.08116929,0.17134917,0.24025269,0.18270504,-0.039399084,-0.020312173,0.061057054,-0.008632965
-0.020004775,0.070036665,0.056577064,-0.047970593,-0.08915938,-0.05739326,0.060771096,0.02290011,-0.12616348,-0.006233967,-0.10714945,-0.22191092,-0.013382208,-0.11508504,-0.17716816,-0.035707384,-0.05210178,-0.03909988,-0.005727088,0.063511685,-0.18464811,-0.0051318514,-0.12913255,0.13696471,-0.117452905,-0.00660474,0.06479234,-0.0060080527,0.19219935,-0.1105469,0.05673733,-0.12090259,0.0848525,-0.05531971,0.049056016,0.22943431,-0.046404,0.06594826,0.1149708,-0.1079898,0.2507254,0.15555733,0.18263097,0.11493475,0.0005460644,-0.10486552,-0.15577894,0.15905075,0.056979157,0.021673853,0.16505298,0.12229827,-0.004953182,-0.0217342,-0.0902836,0.033500005,0.0411292,-0.07277256,-0.16046701,-0.036757536,0.10954434,-0.041371897,0.14800785,0.1421837,-0.03694341,-0.1164623,-0.0829197,-0.12506951,-0.12440318,-0.085996956,0.12353106,0.067764476,0.078896575,0.12555853,0.15131354,0.014347635,-0.10335596,-0.035199333,0.05022357,0.021300508
-0.22557048,-0.047886975,0.15757352,-0.13864902,0.06784856,-0.01665815,-0.024404125,0.24222808,0.19654787,0.11832934,0.07352238,0.21641439,0.11106829,0.08347647,0.1974956,-0.18865201,0.1380096,-0.06628543,-0.02302232,-0.12262953,0.34801456,-0.48021147,0.09614794,-0.1301339,0.14655213,0.16653325,-0.0646412,0.08725596,-0.1105469,0.4350756,-0.07213477,-0.031774066,-0.2490249,0.10520113,0.050712075,-0.03435642,0.19307171,0.019458475,0.28497976,-0.12098228,-0.25999853,-0.20689574,0.026732853,0.023864277,-0.14952612,0.09012798,-0.009062264,0.15420677,0.1447119,0.067280844,-0.2295659,0.020532826,0.2745133,-0.18862054,0.04656583,-0.058858577,-0.055672105,-0.05601026,0.07160104,0.3264977,0.04961312,-0.01464041,-0.05633966,-0.07981873,-0.09085465,-0.11098992,-0.023597024,-0.26148424,-0.20807835,0.0041937116,-0.072009385,-0.17443152,0.19338007,-0.026399324,-0.18874355,0.08971113,0.30163994,-0.08355129,-0.22220494,-0.07434185
0.100900345,-0.012717017,0.06610057,0.00456997,-0.14913061,0.04251787,0.525438,0.030842036,-0.06325304,-0.03303806,-0.06145938,0.043685887,0.07351863,0.14634043,-0.045740873,-0.15393169,-0.019642897,0.07360623,0.16537224,0.2363585,0.17716622,0.16008323,-0.2774129,0.090366274,-0.13368443,-0.06173896,0.120583884,0.12573592,0.05673733,-0.07213477,0.545193,-0.50440675,0.112250425,0.21242207,-0.23426746,-0.0024253144,-0.19854486,0.1468477,-0.35612205,-0.1263812,0.15813158,0.41235572,0.00886012,-0.17092054,-0.16567913,0.2873534,-0.17265007,-0.035163086,0.24270542,0.038295977,0.41523626,0.11187169,0.498224,-0.0072225775,-0.010674996,0.09976552,-0.010383275,0.080956474,-0.08182573,-0.2061139,-0.18919156,0.1385636,0.07879989,0.3174421,0.10381695,0.083590604,0.14439338,0.5277076,-0.10314805,0.026338892,0.18349905,-0.02992777,0.17311545,0.004782085,0.3453083,-0.2769899,-0.2904752,-0.015589901,0.48207146,-0.20863017
0.701991,-0.24351631,-0.2518757,0.13242444,0.25419295,0.22508481,-0.4478564,0.1750566,-0.027237969,-0.113489285,-0.14691775,-0.26628798,-0.04941098,-0.08068025,0.29489213,-0.03922533,0.22076975,-0.10780849,-0.377681,-0.028177503,0.20377085,0.1106959,-0.023058822,-0.19044973,0.17919753,0.13467652,-0.26845923,-0.4869142,-0.12090259,-0.031774066,-0.50440675,1.3538319,-0.016814802,0.096252166,0.35978538,-0.28448054,0.485423,-0.23449479,-0.093203045,0.12662613,-0.30826446,-0.31555048,-0.19712152,0.33083606,0.26381132,0.30001155,0.41739905,0.14998831,-0.40746924,-0.107122235,-0.33022955,-0.22342537,-0.48680124,0.26173112,-0.057500187,-0.119880706,0.32088375,-0.052772645,0.185139,0.36406234,0.03525993,-0.2825399,0.16878502,-0.6668553,-0.32186624,0.26549423,-0.024250558,-0.17178266,0.27141684,0.07473549,-0.6721805,-0.25584877,0.028645253,-0.27116302,-0.33096895,0.12736908,0.29232445,0.26814285,-0.28955692,0.595996
0.20422974,-0.007176282,0.0028340125,0.023428837,-0.016416827,-0.047072306,0.021133287,-0.10157161,-0.033666093,0.0581327,-0.021614665,-0.069262564,-0.005108515,0.0656552,-0.12835939,0.24133807,-0.20522569,-0.014345648,-0.03817262,0.20243745,-0.21166925,0.26309317,0.0096828975,-0.07866359,-0.0137698315,0.00920407,-0.02156636,0.12683286,0.0848525,-0.2490249,0.112250425,-0.016814802,0.31037524,0.030332904,-0.01044145,-0.00372222,0.0731046,-0.04736655,-0.05984915,-0.029650431,0.29115212,0.34894174,0.096641414,0.111863144,0.047311462,0.05615585,0.12432729,0.00849516,0.110257134,-0.019994892,0.38521105,0.068889454,-0.119013,0.07708589,0.118867375,0.12391068,-0.118958205,0.019466786,-0.012471334,-0.14290847,-0.016288687,0.103185326,-0.052592874,0.06681977,-0.02630158,0.19110915,-0.076033086,0.079552814,0.2775248,-0.0011979081,0.15713626,0.07998657,-0.027180273,0.0069296723,0.12521197,0.16168655,-0.08268119,-0.045243286,0.251182,0.19984977
0.20763302,-0.16919266,0.067861475,0.04481046,0.09396509,0.08676836,0.18903194,0.3286276,0.05866403,0.29541472,-0.082058504,0.12926996,0.15475081,0.1513176,0.30369535,-0.13513713,0.108555965,0.08364377,0.006389269,0.20449781,0.3147771,0.08552525,-0.23878948,-0.050852746,0.12609586,0.15158935,0.14017321,0.102314666,-0.05531971,0.10520113,0.21242207,0.096252166,0.030332904,0.38272125,-0.07288255,-0.10408365,0.07355845,0.12556566,-0.09662351,-0.065170124,0.08790257,0.14578865,-0.051816892,0.026500713,-0.19861639,0.34823447,0.06425865,0.073322535,0.18513396,0.067608826,0.20753573,0.042656586,0.22832054,0.18037859,0.051530436,-6.314706e-05,0.056017708,0.057344608,0.009886787,0.22219087,-0.11188242,0.00897523,0.12839298,-0.061897185,-0.102967866,0.20687419,0.114176765,0.15942697,0.0063860584,0.0044808686,-0.06764066,-0.16821101,0.11630011,-0.0717384,0.28017968,0.00023869623,-0.018567255,0.09194843,0.28605244,0.17702949
0.20627315,0.015702061,-0.0067297807,0.021028444,-0.028671404,0.11068855,-0.1690252,0.06574859,0.13835137,0.1247997,-0.041057136,-0.070405506,0.09251642,-0.0831123,-0.051516004,-0.0026915716,0.046245456,-0.12335354,0.01594099,-0.13234645,-0.035959247,-0.17816184,0.032498203,0.016112296,0.050892416,0.26576412,-0.15086237,-0.106376745,0.049056016,0.050712075,-0.23426746,0.35978538,-0.01044145,-0.07288255,0.3469828,-0.0051445826,0.36032978,-0.1178148,0.24521717,0.017184455,0.033415433,-0.18605445,0.17754404,0.27966148,0.05330758,0.04728584,-0.07633289,0.10385857,-0.1936196,-0.16744974,0.04559685,0.07773943,-0.09167318,0.041632697,0.065198265,0.12833457,0.12306424,-0.019020766,0.09242451,0.17018086,0.2619365,-0.18701974,0.06496803,-0.12085804,-0.27830285,-0.07917124,-0.13927592,-0.3167091,0.15512706,-0.01994651,-0.13928357,-0.030999927,0.16645958,-0.023421515,-0.20904732,-0.057918984,0.0028577861,0.21885362,-0.2652317,0.15119015
-0.32515106,0.16136235,0.1166921,-0.134847,-0.07889426,-0.16836306,-0.12674822,0.057278283,-0.17687818,-0.041183125,-0.071941406,-0.25763604,-0.04454233,-0.16054094,-0.11516854,0.06794182,-0.009448655,0.020367086,0.03970733,0.08682147,-0.1797967,-0.04501125,-0.11097643,0.19492982,-0.1296641,0.019526752,0.20142685,0.09890021,0.22943431,-0.03435642,-0.0024253144,-0.28448054,-0.00372222,-0.10408365,-0.0051445826,0.4064423,-0.25600564,0.14492522,0.23653619,-0.17817777,0.29664454,0.13775712,0.22362994,0.11223102,-0.076230936,-0.35040542,-0.16936797,0.22564806,0.11308026,0.12319161,-0.056760475,0.10930777,-0.059483107,-0.10560755,-0.15181544,-0.08891724,0.024396885,-0.1082698,-0.27548695,0.060250197,0.16383018,-0.025951652,0.17372316,0.23656438,0.02480038,-0.2656458,-0.13203108,-0.34200895,-0.3341372,-0.17843509,0.16757467,0.13938512,-0.021248765,0.2696152,0.23936547,0.103424296,-0.08642263,-0.1095669,-0.088331744,-0.03868165
0.3956203,-0.14928722,0.06733939,-0.00921244,-0.04170056,0.08694873,0.17616196,0.15581012,0.26756215,0.3998179,-0.13832547,0.1708799,0.27977103,-0.006743272,-0.20283313,-0.5971381,-0.15593603,-0.18022579,-0.34489515,-0.27848467,-0.075475276,-0.53397864,0.13743514,-0.35636815,0.089099325,0.14912733,-0.37910306,-0.16232063,-0.046404,0.19307171,-0.19854486,0.485423,0.0731046,0.07355845,0.36032978,-0.25600564,1.0378678,-0.21876551,0.51059914,-0.073602855,-0.055165283,-0.36968714,0.10103601,0.21276979,0.1686603,0.25675586,0.06725987,0.13376968,0.0017653361,-0.27843025,0.5011324,0.09876736,0.30389345,0.0089673,0.2647476,0.23325886,-0.18827684,-0.087033354,0.24749486,0.23233739,0.09980795,-0.16512156,-0.23351762,-0.4502456,-0.42198282,0.33894882,-0.053418107,-0.42019907,0.3447037,-0.012815854,-0.0032834343,-0.24764402,0.25293267,-0.22758701,-0.43656957,0.35615093,0.3675911,-0.15450561,0.008833589,0.43642572
-0.034382764,0.034700193,0.018139428,-0.0034338431,0.012100285,0.015812324,0.30395052,0.24086434,0.039489593,0.22423036,-0.0047772885,0.04461622,0.00092799583,-0.00921621,0.011823664,-0.14447089,0.062968135,0.0636096,0.10386395,0.09272641,0.17580183,0.026908765,-0.17706092,0.18614581,-0.007530653,-0.0038530407,0.33700037,0.0719291,0.06594826,0.019458475,0.1468477,-0.23449479,-0.04736655,0.12556566,-0.1178148,0.14492522,-0.21876551,0.24988028,0.032102074,-0.01055696,0.21468954,-0.015201944,-0.06871476,-0.12974162,-0.10944745,-0.16068819,-0.16693422,0.07765011,0.13504206,0.15331718,0.22162141,0.11628974,0.20963769,0.18196665,-0.13362268,-0.028665924,0.0730003,-0.024217457,-0.16796659,-0.0883003,-0.026385993,0.0066041215,0.182751,0.13419062,0.14740902,-0.0484343,0.036145534,-0.035826907,-0.17397921,-0.045728568,0.15195961,0.029265344,-0.039146718,0.08332804,0.2410964,0.11232868,-0.22490592,-0.0670744,0.092464216,-0.07058796
-0.4518555,-0.026560647,0.31107804,-0.12254438,0.084672086,-0.2101384,-0.081417084,0.24685585,0.19373603,0.71339864,-0.02937762,0.17257085,0.16343193,-0.16905957,-0.1719478,-0.24022974,-0.20208278,-0.17291087,-0.20458359,-0.348048,-0.49398288,-0.70112956,0.23343296,-0.08246689,0.18326262,0.10971365,-0.037188753,0.1850722,0.1149708,0.28497976,-0.35612205,-0.093203045,-0.05984915,-0.09662351,0.24521717,0.23653619,0.51059914,0.032102074,1.0683649,-0.056211922,0.21480808,-0.32857165,0.36670864,0.25744325,-0.05000412,-0.2841135,-0.17928635,0.25664455,0.22687402,0.018324992,0.15065506,0.2520394,-0.14464578,-0.08915431,0.13589253,0.10272147,-0.27504185,-0.19934954,-0.021879593,0.34264308,0.34565207,-0.10598502,-0.10396763,-0.15809914,-0.23964314,-0.18854438,-0.21517311,-0.88629943,-0.035612263,-0.123466164,0.34857172,0.000574476,0.09779627,0.11914224,-0.15312654,0.5473501,0.47411,-0.24419732,-0.22547618,0.20330052
0.09601847,-0.11044338,-0.12306461,0.23701164,0.13618118,0.14082229,0.10884166,-0.0763004,0.11594897,0.26765278,0.088956036,0.18480878,-0.07299872,-0.027263194,0.024642672,0.1089459,-0.008718716,-0.036540516,0.100934565,-0.2084119,-0.21386091,0.130889,0.08246262,0.1320756,0.14735046,-0.11285505,0.0077223764,-0.090752,-0.1079898,-0.12098228,-0.1263812,0.12662613,-0.029650431,-0.065170124,0.017184455,-0.17817777,-0.073602855,-0.01055696,-0.056211922,0.3915575,-0.08967051,-0.21262199,-0.12616673,-0.110329375,0.062429555,0.068480566,-0.101743266,-0.28948587,-0.21601427,-0.051499743,-0.01951176,-0.0054730503,-0.36533004,0.27019933,0.0098461,0.10787993,0.096256554,0.08940219,0.15101807,-0.19848442,0.0076416144,-0.042159203,0.01961431,-0.10825399,0.093639344,-0.044695884,0.08715367,0.26230875,0.27775893,0.18272041,-0.018646132,0.05638504,-0.09873238,-0.13608536,-0.07821712,-0.20516194,-0.071194075,0.27405313,-0.019553395,-0.11495124
0.06672327,0.20614006,0.045114048,0.031210072,-0.16183908,-0.047365855,0.08167908,0.14326198,0.04646219,0.50063306,-0.0926115,-0.03555447,0.17720766,-0.057086572,-0.17906414,0.10192458,-0.16458458,0.20345105,0.22295295,0.2590824,-0.20939165,0.33202076,-0.22348213,0.19674313,-0.10545128,0.26306826,0.46407917,0.3006964,0.2507254,-0.25999853,0.15813158,-0.30826446,0.29115212,0.08790257,0.033415433,0.29664454,-0.055165283,0.21468954,0.21480808,-0.08967051,0.8381254,0.16380757,0.19697897,0.108263016,-0.115643166,-0.4078188,-0.15255822,0.045964465,0.119930014,-0.041494746,0.7480879,0.23413458,0.13136509,0.34131417,0.0896829,0.14576109,-0.04637273,0.0546188,-0.23532479,-0.08719328,0.16749023,-0.022404693,0.10557114,0.26357773,-0.068072096,0.13556091,-0.10635535,-0.3702412,0.15980007,-0.27227175,0.39309093,0.25555253,-0.22457954,0.26608175,0.5047578,0.28202847,-0.5593659,-0.0038794442,0.24018453,0.2722883
-0.032455698,-0.12957978,0.21900709,-0.10074145,0.08975733,-0.16676469,-0.07673048,-0.11564931,-0.27720898,-0.30095753,-0.0014471211,-0.27983764,-0.15025425,0.21306643,0.12800626,0.7280465,-0.12026958,-0.14970677,0.030672496,0.51224506,-0.14523382,0.33446085,-0.10386262,-0.031824417,0.04525642,-0.012902137,-0.14593835,0.33249247,0.15555733,-0.20689574,0.41235572,-0.31555048,0.34894174,0.14578865,-0.18605445,0.13775712,-0.36968714,-0.015201944,-0.32857165,-0.21262199,0.16380757,1.1198642,0.35120058,0.29001173,-0.20976345,0.53577864,0.12991653,0.21980107,0.42229733,0.23944063,-0.021993663,0.11423136,-0.3231171,-0.27119094,0.029397417,0.05337199,-0.05680765,-0.004209794,-0.100565195,-0.000168263,-0.04913224,0.30091378,0.16428764,0.4004941,0.020110792,-0.12809628,-0.12815467,0.5527715,-0.03686978,0.13893114,0.085976936,0.012197008,0.3589505,0.07350545,0.39406428,-0.23102619,0.13091241,0.09343035,0.40341145,-0.07066741
-0.30070913,-0.036354553,0.28971893,-0.04692648,-0.046534557,-0.1283307,-0.25345215,-0.034929913,-0.11855288,0.17602679,-0.11809421,-0.13556382,0.123909555,-0.077481695,-0.009480364,0.22592278,-0.09273656,-0.11335439,0.05689277,-0.027984098,-0.50734615,-0.18424466,-0.04480121,0.061330643,0.03096603,0.17657043,-0.18801187,0.1996652,0.18263097,0.026732853,0.00886012,-0.19712152,0.096641414,-0.051816892,0.17754404,0.22362994,0.10103601,-0.06871476,0.36670864,-0.12616673,0.19697897,0.35120058,0.54583395,0.40115282,-0.1895025,0.23334466,-0.20581605,0.14277239,0.124286845,-0.07230713,-0.07704728,0.17814547,-0.28094167,-0.24441637,0.12528045,0.14014733,-0.04543237,-0.019196998,-0.015923928,0.32247624,0.29732305,-0.04424404,0.0805017,0.17815275,-0.32044995,-0.29695418,-0.14306228,-0.13565356,-0.060636677,-0.053972147,0.10999969,0.036758896,0.31364754,0.1485041,0.18875092,-0.29446235,0.19332631,0.23015997,0.036448326,-0.002226804
