0.5483247,-0.018015051,-0.0044253212,0.027574696,-0.08589834,0.03612452,0.1388492,-0.250432,0.13147204,-0.08650293,-0.017207341,-0.5667643,-0.28846112,-0.019657137,0.12987062,0.35125452,-0.15830752,0.18403009,-0.2085611,-0.2609149,-0.22660977,0.08597303,-0.17220879,0.008415436,0.20259257,0.05253809,-0.26117834,-0.12285992,-0.32274094,-0.07014632,-0.34996554,-0.035120346,-0.20370512,-0.0656791,0.20499,-0.049096726,0.023830451,0.16386601,-0.09572211,0.0955187,-0.020403173,-0.030265097,0.026970517,-0.19123192,-0.026142634,0.023742734,-0.2527066,-0.1702425,-0.0598714,-0.606971,0.049263284,0.15093113,0.13572398,0.4186729,0.060755707,-0.0028898928,0.13044801,0.15480399,0.15177004,-0.033008117,0.24376032,-0.2578426,-0.12949112,-0.22350134,-0.10777013,0.23252897,-0.08945181,-0.087220944,0.39106548,-0.1468572,-0.18345566,0.11080334,0.083447166,0.07646374,0.096504875,-0.36677694,-0.23476076,0.05306152,0.099945396,-0.029593876
-0.018015051,0.34469846,-0.08157837,-0.19173093,-0.10387179,-0.04519551,0.01656336,-0.3296387,-0.06177579,-0.2027653,0.03242337,-0.17845787,-0.06732741,0.017677886,-0.17858605,0.09844167,-0.05486858,0.21569858,-0.19026722,0.07429009,0.05582583,-0.15260585,0.124283314,-0.03816969,-0.009770367,0.07199814,-0.18960287,0.19327495,-0.147835,0.030578166,-0.1421202,-0.082729235,-0.015038445,-0.12256806,-0.012982862,0.08521824,0.07663476,0.03712384,-0.19813582,-0.015155397,0.18854012,0.07484302,-0.11482727,0.27745733,0.10451864,-0.22992279,0.13518871,0.06377821,0.17524573,0.13525596,-0.21178056,-0.0822227,0.03375019,-0.4907076,-0.21189174,-0.11904894,0.03305652,-0.027308308,-0.16267028,0.12745228,-0.1771146,-0.025634352,-0.029833894,0.27351633,-0.10309509,0.07592806,-0.07711369,-0.10128485,-0.048504863,-0.15932678,-0.101162225,0.15822767,-0.15546572,0.18474615,-0.17236169,0.15562357,-0.0044207927,-0.072097994,-0.10150414,0.13005835
-0.0044253212,-0.08157837,0.2908385,0.102147914,0.35635084,0.067096494,-0.023314668,0.1591217,0.014999033,-0.09495566,0.034569252,0.10674688,0.27097225,0.05638102,0.083772875,-0.12012046,0.21498193,0.032483075,0.16239364,-0.07233276,-0.10571515,-0.10340244,-0.2601178,-0.014383677,0.09314693,-0.16174763,0.060972594,-0.20784952,0.13592248,-0.086443946,-0.048496287,0.020871334,-0.27614745,-0.039520193,0.054040395,-0.017465021,0.07871093,0.058568884,0.15476738,0.06483553,-0.1262996,-0.28835413,0.17951895,0.13684161,-0.15270853,0.11211268,-0.28552088,0.032558966,-0.0684488,-0.047729254,-0.2852582,0.040341396,-0.003950397,0.35408577,0.10639331,0.080969535,0.16232637,0.12157446,0.03917269,-0.020581124,0.092338726,-0.17504932,0.074505486,-0.05074324,-0.1542896,-0.13702662,-0.07609721,-0.02546047,-0.106775,0.04184631,-0.14484471,-0.05207155,-0.0045539695,0.063543335,0.16840653,0.0029010833,0.17241049,0.1358815,-0.03921905,-0.022604436
0.027574696,-0.19173093,0.102147914,0.41444007,-0.07396157,0.13733782,-0.025621373,-0.07366419,0.1639175,0.10919443,0.043240435,0.26877722,0.069665566,0.06584259,0.1719038,-0.06321384,0.21189554,-0.13879876,0.42579803,0.2604481,0.100284405,0.21384186,-0.007437894,0.2314469,-0.0034124986,-0.017516375,0.38533992,-0.2404881,0.03679976,-0.21823093,0.06549718,0.07017029,-0.015057727,0.10993022,-0.3062897,-0.15675949,-0.056747094,0.047860682,-0.084877126,-0.0361669,-0.22873628,-0.2931457,0.1512557,-0.1277724,-0.06787583,0.14342749,-0.010112409,-0.10208109,-0.15983388,-0.115404144,0.07629033,-0.07027118,-0.06372755,0.4776928,0.11767739,0.0122153135,0.09144777,0.08137919,0.11743494,-0.2063814,-0.024314351,-0.12120132,0.14085595,-0.42047402,-0.28499493,-0.06766221,-0.031112254,0.053969495,-0.19434449,0.121682055,-0.041221507,-0.29124194,0.09175452,-0.17138861,0.07658503,-0.072157815,-0.1097613,0.15294689,0.055013064,-0.14380996
-0.08589834,-0.10387179,0.35635084,-0.07396157,1.7590925,0.024829088,0.042876914,0.735359,-0.6366963,-0.5973454,-0.35615426,-0.15649407,0.37201536,-0.32390773,0.3451166,-0.8496519,0.4770263,0.23358059,-0.03415003,-0.24866757,-0.33536193,-0.25825128,-0.6428218,-0.10437285,0.58926105,-0.5223393,-0.29698658,-0.09272078,-0.029678773,0.32858276,-0.6635478,0.07909326,-0.3015068,-0.04983168,0.21864103,-0.04557797,-0.041990474,0.12717183,0.39969668,0.079806834,-0.23099068,-0.036797326,-0.047846742,0.607852,0.13300322,0.19194925,-0.45114174,0.08749546,-0.1989153,0.11109154,-0.64080495,0.09188897,-0.055881195,0.24094361,-0.030295577,0.19171163,0.42282203,0.17957984,0.23618431,0.24274433,0.2055064,-0.08547374,0.031389747,-0.32514164,-0.18438847,-0.061902586,-0.24380635,-0.14881362,-0.032370113,0.24165447,-0.077709705,-0.37243024,0.11883575,-0.21102442,0.10287193,-0.016636286,0.6601465,0.09403615,-0.21173105,0.14469267
0.03612452,-0.04519551,0.067096494,0.13733782,0.024829088,0.35892627,0.115964554,0.24888584,0.21241374,0.28404304,0.13564539,0.2294994,0.15538278,0.14543065,0.23202357,0.009477124,0.11533987,0.29619548,0.16518073,-0.105552465,0.18907218,-0.007610383,-0.059135795,0.03757524,0.056824952,-0.117886536,0.18116602,-0.32894486,-0.14814575,-0.15360722,-0.058353886,-0.109842554,-0.3346425,0.1601495,-0.13248114,0.0201987,-0.0120331645,0.111728005,-0.2534006,0.06339718,0.03615086,0.007717808,-0.05308701,-0.20688531,-0.10017723,0.03286553,0.1291672,0.15416174,-0.20181137,-0.019248558,-0.088333204,0.11766942,0.23173499,0.3629391,0.025118394,0.12015325,0.15452147,0.039201953,0.053848244,-0.007775422,-0.05213595,-0.17205872,0.019000266,-0.20420903,-0.20206904,0.12922761,-0.058535326,-0.12514275,-0.12682326,4.8134203e-05,-0.11763484,0.06623291,0.054448806,0.04459683,0.15420698,0.22458196,-0.05901324,0.13850866,-0.05893386,0.055006113
0.1388492,0.01656336,-0.023314668,-0.025621373,0.042876914,0.115964554,0.17156759,0.066840865,0.17409557,0.045434415,0.038955066,-0.09407293,-0.14588359,-0.037901085,-0.0038367584,0.0527178,-0.068303145,0.1207903,-0.079463854,-0.124391876,-0.0014673439,0.0531667,0.06374708,-0.09331047,0.1998214,-0.07385038,-0.057839938,-0.12052494,-0.13611296,-0.1424568,-0.21764486,-0.010901614,-0.22913411,-0.06350833,0.033544227,0.023497764,-0.004913641,0.14495684,-0.033580393,0.111108854,0.021653613,0.14994307,-0.10192825,-0.1339503,0.041813444,-0.006064179,0.04330807,-0.0056305747,-0.028705817,-0.02401402,0.026197102,0.16253747,0.087224096,0.18460993,-0.069793105,0.006665513,0.023440337,-0.015757497,-0.009656169,-0.010617501,0.012982406,-0.05060569,-0.0042995685,-0.09869081,-0.027347378,0.11860393,-0.044712093,-0.10980431,0.104517035,0.02269284,-0.08545626,0.17570792,-0.0018683202,0.07581482,0.03725422,0.06562727,-0.18129067,0.025301343,-0.06749827,-0.04324797
-0.250432,-0.3296387,0.1591217,-0.07366419,0.735359,0.24888584,0.066840865,1.253661,-0.13372579,0.42979914,0.07043278,0.5046959,0.4819785,-0.11963545,0.3440743,-0.46786225,0.23996961,0.11767794,-0.07022926,-0.38847965,-0.0056700283,-0.09336252,-0.15335557,-0.21282414,0.3218355,-0.20769486,-0.1142897,-0.17927416,0.20402597,0.17482834,-0.04463585,-0.0009522375,-0.09637999,0.4232532,0.3637183,0.01383658,0.04792143,0.044631384,0.36820933,0.119538456,0.08624471,0.29003873,-0.031204525,-0.15628296,-0.032208472,0.20317326,0.027539294,0.28517437,-0.1021475,0.38602614,-0.10436998,0.22287554,0.108952984,0.5072698,0.12195645,0.24978636,-0.07185978,0.018786559,0.15548277,0.1187041,0.26198173,0.081396095,0.0014006078,-0.2825337,0.34057885,0.24478637,-0.071054995,-0.044166584,-0.021189474,0.17153077,0.06808084,0.029303055,0.09655586,-0.15209277,0.27489337,0.37524086,0.37608746,0.17109886,-0.032461707,0.22422597
0.13147204,-0.06177579,0.014999033,0.1639175,-0.6366963,0.21241374,0.17409557,-0.13372579,0.660385,0.38402104,0.26708946,0.22269943,-0.13786803,0.20928876,-0.02217938,0.43332502,-0.09894888,-0.057578966,0.22449064,-0.0114870295,0.17163657,0.16757385,0.2491667,-0.05181283,0.075936764,0.096704826,0.3668989,-0.24713692,-0.0006104243,-0.44163966,0.14532271,-0.035111442,-0.3368365,-0.059682664,-0.09437396,0.04843608,0.039517544,0.13798356,-0.08755837,0.15404306,-0.0036035455,-0.033864614,0.050388366,-0.4149816,-0.17283069,0.029370502,0.070079274,-0.043116156,-0.0611493,0.016251575,0.30827653,0.19269681,0.12815413,0.5202119,0.031370785,-0.010138356,-0.07177553,-0.06679557,-0.13251998,-0.20532507,-0.07684347,-0.11239911,0.10577239,0.0031304539,-0.041578878,-0.027215816,0.054659095,-0.07235625,0.022990527,0.030821012,-0.11549721,0.31721094,-0.034787167,0.20966326,0.11589991,0.047490567,-0.5336179,0.061414365,-0.03421905,-0.23991129
-0.08650293,-0.2027653,-0.09495566,0.10919443,-0.5973454,0.28404304,0.045434415,0.42979914,0.38402104,0.8531145,0.22698182,0.6967914,0.06724242,0.1722825,0.25767723,0.24792077,0.011806325,-0.054993086,0.2447934,-0.0623552,0.25372913,-0.018692391,0.21397671,-0.050472938,-0.287457,0.07643765,0.09155449,-0.032877635,-0.013050331,-0.19757086,0.3047191,-0.124919295,-0.06123764,0.33918867,0.17220321,0.050280854,0.054392483,-0.004395254,-0.0821542,0.08194713,0.19375736,0.12996316,-0.029243175,-0.50075436,-0.029750858,-0.0072246836,0.3705642,0.15653181,-0.054640274,0.15093328,0.3590631,0.1113104,0.17635098,0.48792797,0.16025226,0.1893815,-0.19117904,-0.03655109,0.035502225,-0.14292622,0.044021487,-0.016451571,-0.037553113,-0.11228104,0.1602124,0.2720566,0.07925961,0.048386436,-0.10202677,0.003930919,0.14835745,0.28553793,-0.0016825963,-0.021647155,0.079400085,0.34079632,-0.15570304,0.14747919,0.048533447,0.15715975
-0.017207341,0.03242337,0.034569252,0.043240435,-0.35615426,0.13564539,0.038955066,0.07043278,0.26708946,0.22698182,0.3033777,0.13541465,0.16785459,0.119091526,-0.086064324,0.17078452,-0.024195403,0.11206615,-0.08046029,-0.013609127,0.14215368,0.11500998,0.2266454,-0.00871175,0.14929418,0.19477402,0.14874005,-0.16523188,0.12544173,-0.13476934,0.1344102,-0.01744081,-0.0006271822,0.17887202,-0.050732158,-0.007537301,0.12207411,0.07371138,-0.07283393,0.028750073,0.13040474,0.023172105,0.09422928,-0.16667692,-0.15213598,-0.009472935,0.10195732,0.08556392,0.11169872,0.14944771,-0.017124642,0.029401856,0.06912833,0.124080025,-0.024694664,-0.10046409,-0.13070357,-0.014108435,-0.107647985,-0.01955115,-0.026025066,-0.051553395,0.07864738,-0.011166051,0.06358553,0.13511449,-0.056884553,-0.053116083,-0.03665487,-0.09701538,-0.17953645,0.13903454,-0.06724347,0.15144315,0.12759537,0.1850095,-0.16163297,0.08601064,0.046656974,-0.0063550905
-0.5667643,-0.17845787,0.10674688,0.26877722,-0.15649407,0.2294994,-0.09407293,0.5046959,0.22269943,0.6967914,0.13541465,1.3396345,0.34861663,0.13477239,0.2202952,-0.24320786,0.44847995,-0.32698932,0.7545849,0.38643843,0.34469056,-0.19821672,0.21346468,-0.0034776037,-0.4378029,-0.16446507,0.29841033,0.1044403,0.24896789,-0.3076881,0.37198687,-0.03570093,-0.08266652,0.22409478,-0.018990835,0.026747806,0.075707436,-0.04513933,0.11244931,0.047186706,0.025293544,-0.17613031,0.043407742,-0.00318876,0.09539135,-0.0149713345,0.43100408,0.21067047,-0.012489635,0.6825987,0.0790556,-0.09014176,-0.08461818,0.38369137,0.116022564,0.22800936,-0.103838846,-0.042224586,-0.051927835,-0.21497898,-0.1797638,0.043135073,0.17926008,-0.08176062,-0.09855447,-0.04820415,0.035876837,0.11906222,-0.64749026,0.24121569,0.24175808,0.050191276,-0.13382982,-0.13735618,-0.07663249,0.66120684,0.16267744,0.22736925,-0.15238231,0.17474784
-0.28846112,-0.06732741,0.27097225,0.069665566,0.37201536,0.15538278,-0.14588359,0.4819785,-0.13786803,0.06724242,0.16785459,0.34861663,0.703015,0.1618283,0.30772635,-0.19049257,0.38205507,0.18526807,0.12881112,-0.04845104,0.1203976,-0.12290498,-0.2177662,0.0745498,0.27268302,0.1128936,0.31386405,-0.11009198,0.2559205,0.24155481,0.20812091,-0.06651015,0.042786226,0.36869344,-0.0005934571,0.0033261306,0.111199364,-0.06207092,0.07853408,-0.05600383,0.04787675,-0.18273379,0.20603724,0.23529302,-0.27521542,0.11586389,-0.17320487,0.23488253,-0.07691043,0.3505466,-0.2884196,-0.09240461,0.08285015,0.19109042,0.08140808,0.049124733,0.11102798,0.075954564,-0.0090948185,0.14536993,0.0035114803,-0.08001145,0.12634836,0.013891894,0.006821477,-0.06130574,-0.10767263,-0.050681263,-0.2149457,-0.010862312,-0.120070234,-0.2485668,0.036478132,-0.0034351735,0.19835928,0.10178722,0.3288503,0.09602586,-0.0034982509,0.12644488
-0.019657137,0.017677886,0.05638102,0.06584259,-0.32390773,0.14543065,-0.037901085,-0.11963545,0.20928876,0.1722825,0.119091526,0.13477239,0.1618283,0.27844003,0.1565757,0.27854183,0.036249664,0.110397056,0.20364985,-0.032019332,0.16891427,-0.07042765,-0.08676564,0.07248386,-0.10564812,0.10395406,0.3396573,-0.10685536,-0.017938875,-0.027199075,0.2647248,-0.13436465,-0.15651707,0.053867217,-0.1152584,0.08570547,0.005589369,-0.06354096,-0.20041831,-0.014432117,0.037105408,-0.15162833,0.06922384,-0.08584468,-0.23919334,0.00095202366,-0.044618573,0.085502855,-0.15346579,-0.02313982,0.06303334,-0.0033565066,0.1785857,0.115074374,0.074491635,0.05582785,0.105235755,-0.01023251,-0.06831639,-0.0009847906,-0.11243175,-0.11135617,0.020279594,0.20023188,-0.08925704,-0.14053455,0.06574376,-0.037503626,-0.074449055,-0.0691339,-0.03919959,0.039069343,0.027738167,0.13008985,0.08105564,-0.05719548,-0.10810484,-0.019769631,-0.006450094,-0.045381196
0.12987062,-0.17858605,0.083772875,0.1719038,0.3451166,0.23202357,-0.0038367584,0.3440743,-0.02217938,0.25767723,-0.086064324,0.2202952,0.30772635,0.1565757,1.186848,0.3016622,0.5580543,0.16661736,0.4171183,-0.12537086,0.063644856,-0.18580107,-0.42651996,0.1410131,0.68717957,0.37117693,0.30017257,0.39055517,-0.40932062,0.40959546,-0.18638547,-0.2612168,-0.021393146,0.4746349,0.43371752,0.039008666,0.025273388,0.04259193,0.02275949,0.06561945,0.06743699,-0.08071693,0.047486626,0.2208922,-0.068156265,0.09824582,-0.32997662,0.011950749,-0.3706543,0.16122368,0.34679478,0.009756077,0.29034132,0.9940893,0.13340184,0.21928796,0.3658668,0.17200057,0.19094774,0.099660985,0.13888921,-0.27147824,0.01976801,-0.26335397,-0.101572536,0.21291454,-0.17691353,-0.18109897,0.20311058,0.05323628,0.0683494,-0.3096591,0.23371467,-0.21365634,-0.030450566,-0.5152817,-0.07667533,0.0063410336,-0.065926515,0.18553925
0.35125452,0.09844167,-0.12012046,-0.06321384,-0.8496519,0.009477124,0.0527178,-0.46786225,0.43332502,0.24792077,0.17078452,-0.24320786,-0.19049257,0.27854183,0.3016622,0.9109258,-0.15124224,0.061959818,-0.031090098,-0.15457237,0.04307713,-0.020152465,0.060195893,-0.006639825,0.20980161,0.5475603,0.13958956,0.28649333,-0.26930988,0.02993817,0.12535971,-0.21125269,-0.027842063,0.056281492,0.31347314,0.1294237,0.11247439,0.018074287,-0.14587402,0.08190671,0.21857302,-0.0040190727,0.06910466,-0.16782393,-0.18630686,-0.10453721,-0.17361808,-0.10782233,-0.0051556616,-0.15524185,0.48932192,0.07001075,0.24820626,0.35473156,0.03916287,-0.05412583,-0.010080272,0.0055094855,-0.12105404,-0.015525661,0.036047995,-0.18107656,-0.067281246,0.30187204,0.113558665,0.12012095,0.025077665,-0.10131582,0.3980242,-0.2275898,-0.06464464,0.28265938,0.004181784,0.24613872,-0.044530246,-0.46654662,-0.54728323,-0.12928545,0.064022854,-0.051587433
-0.15830752,-0.05486858,0.21498193,0.21189554,0.4770263,0.11533987,-0.068303145,0.23996961,-0.09894888,0.011806325,-0.024195403,0.44847995,0.38205507,0.036249664,0.5580543,-0.15124224,0.57826644,0.0010732537,0.43978438,0.19415452,0.053362966,-0.17108496,-0.1998878,0.10807546,0.3678808,0.07017552,0.19710796,0.21430941,-0.04423604,0.10287267,-0.15220538,-0.06204417,-0.034558523,0.22762989,0.1345075,-0.038992003,0.091557175,0.06951775,0.1260627,0.028519697,-0.043894604,-0.25824198,0.12004433,0.4307856,0.032665554,0.04458864,-0.15493868,0.041574374,-0.09580651,0.3660317,-0.11640867,-0.117000386,-0.01453989,0.5276245,0.02858285,0.090800494,0.23862924,0.14422415,0.06084125,0.0100868,-0.009559923,-0.17738044,0.15557396,-0.22580867,-0.25109565,0.028406383,-0.20328847,-0.07834145,-0.21888071,0.11761522,-0.026798783,-0.29375532,0.01263927,-0.14783294,-0.060324922,-0.022529392,0.1676774,0.12859309,-0.12869546,0.1471943
0.18403009,0.21569858,0.032483075,-0.13879876,0.23358059,0.29619548,0.1207903,0.11767794,-0.057578966,-0.054993086,0.11206615,-0.32698932,0.18526807,0.110397056,0.16661736,0.061959818,0.0010732537,0.6835318,-0.3024874,-0.32188892,0.07856331,-0.1398572,-0.19428867,-0.0011651784,0.23513953,-0.0349507,-0.1534395,-0.24962328,-0.3224397,0.12698582,-0.2980214,-0.19501495,-0.3029949,0.14604539,-0.011104747,0.07623832,0.046383444,0.1284506,-0.39754626,0.024703972,0.21541902,0.13900523,-0.12942444,0.030796558,-0.099531,-0.09261614,0.023559596,0.22643584,-0.104108535,-0.15771852,-0.3929297,0.09451053,0.34565288,-0.07043346,-0.11181888,0.028479625,0.2536695,0.08867807,0.028569777,0.24628055,-0.021948697,-0.2340368,-0.10908521,-0.015534801,-0.18564925,0.28287002,-0.16455384,-0.24747455,0.067186736,-0.23180285,-0.2796271,0.11559156,0.026520368,0.19051959,0.1372899,0.14898804,0.08788157,0.051697295,-0.05240815,0.22273873
-0.2085611,-0.19026722,0.16239364,0.42579803,-0.03415003,0.16518073,-0.079463854,-0.07022926,0.22449064,0.2447934,-0.08046029,0.7545849,0.12881112,0.20364985,0.4171183,-0.031090098,0.43978438,-0.3024874,0.9070764,0.38123634,0.20386626,-0.09584433,-0.14062178,0.18682548,-0.25210407,-0.1468519,0.5671767,0.007196709,-0.0012960689,-0.25624046,0.21040887,-0.042870488,-0.23961097,-0.027696071,-0.22536945,-0.011208971,-0.07950895,-0.039889887,-0.027512431,0.01327627,-0.25625294,-0.44653472,0.10601876,0.07941034,-0.03425598,0.09021624,-0.006451826,-0.040407855,-0.30380756,0.16192345,0.1784566,-0.09315906,-0.034190662,0.58114064,0.16574927,0.20660585,0.23440012,0.03823934,0.043470714,-0.24668865,-0.18450105,-0.13193665,0.17800903,-0.13679652,-0.40366295,-0.3328848,0.05963512,0.06487778,-0.42351946,0.25984034,0.16671251,-0.23256135,0.047870766,-0.16537222,-0.072352886,-0.01233374,-0.051673334,0.104212366,-0.13752921,-0.11348842
-0.2609149,0.07429009,-0.07233276,0.2604481,-0.24866757,-0.105552465,-0.124391876,-0.38847965,-0.0114870295,-0.0623552,-0.013609127,0.38643843,-0.04845104,-0.032019332,-0.12537086,-0.15457237,0.19415452,-0.32188892,0.38123634,0.6225591,0.19021915,0.12985763,0.32113823,0.21534301,-0.17999545,0.099643745,0.2725437,0.21360375,0.104003154,-0.1513905,0.1318558,0.105224095,0.32854745,-0.01301789,-0.37168404,-0.11980341,-0.02691418,-0.041109778,-0.077486254,-0.129778,-0.10764269,-0.19625987,0.043425575,0.22636667,0.184113,-0.07917576,0.27033934,-0.11059577,0.12735935,0.31303608,0.07243195,-0.29292792,-0.27565265,-0.22627684,-0.09725423,-0.1513276,-0.07872269,-0.0454127,-0.0831348,-0.16610572,-0.2673024,0.10098536,0.1831379,-0.1276345,-0.23166414,-0.11826428,-0.016163439,0.11538209,-0.37764555,0.113377586,0.09497169,-0.2804744,-0.09750882,-0.17646761,-0.26099426,0.12600785,-0.0592048,0.017530173,-0.032458525,-0.060962256
-0.22660977,0.05582583,-0.10571515,0.100284405,-0.33536193,0.18907218,-0.0014673439,-0.0056700283,0.17163657,0.25372913,0.14215368,0.34469056,0.1203976,0.16891427,0.063644856,0.04307713,0.053362966,0.07856331,0.20386626,0.19021915,0.3658959,0.08120162,0.23004843,0.11269511,-0.044635266,0.12799191,0.43620303,-0.056457173,-0.0024505302,-0.040991616,0.25600398,-0.0796127,0.068959266,0.17115557,-0.34716755,0.038289126,-0.06134277,-0.049131595,-0.28814164,-0.071928695,0.08150364,0.083892204,-0.081775166,-0.109755635,-0.06270571,-0.047325384,0.3234505,0.12882452,-0.08759319,0.31944013,0.1426875,-0.06933875,0.09961604,-0.1351295,-0.08021243,-0.03265782,-0.029471917,-0.12620065,-0.115333416,-0.0037932252,-0.28138942,0.07537025,0.09481046,0.04020079,-0.058012065,-0.030730736,0.050752327,-0.039566886,-0.2287186,0.025113989,0.03902007,-0.04924577,0.0058651017,-0.0066558756,-0.039562117,0.21066901,-0.15467846,-0.03819895,-0.05013107,-0.0289274
0.08597303,-0.15260585,-0.10340244,0.21384186,-0.25825128,-0.007610383,0.0531667,-0.09336252,0.16757385,-0.018692391,0.11500998,-0.19821672,-0.12290498,-0.07042765,-0.18580107,-0.020152465,-0.17108496,-0.1398572,-0.09584433,0.12985763,0.08120162,0.5274501,0.29047504,0.14992599,0.28393975,0.19628596,0.37680346,-0.2844644,0.15439533,-0.09002261,0.11276977,0.17838186,0.29869562,0.11500122,-0.3974662,-0.17324004,-0.11446049,0.02971114,-0.035235718,-0.07843308,-0.15853941,0.10141607,0.06498927,-0.35423633,-0.090662256,0.16495815,0.058056522,-0.16330925,-0.011663353,-0.07680603,0.27906984,0.0025910384,-0.10712181,0.07019864,-0.024206573,-0.21446449,-0.18914235,-0.08619373,0.015680578,-0.12112735,-0.0119806575,0.14257261,0.12420275,-0.3443162,0.10448258,-0.0060385615,0.038043477,0.04490994,0.11954465,0.08159549,-0.06768626,-0.23418446,0.12341311,-0.1324842,0.110278584,-0.18358593,-0.3337067,-0.026358841,0.16259919,-0.3217334
-0.17220879,0.124283314,-0.2601178,-0.007437894,-0.6428218,-0.059135795,0.06374708,-0.15335557,0.2491667,0.21397671,0.2266454,0.21346468,-0.2177662,-0.08676564,-0.42651996,0.060195893,-0.1998878,-0.19428867,-0.14062178,0.32113823,0.23004843,0.29047504,0.70349276,-0.030402327,0.01160214,0.2518229,0.06988071,0.12783077,0.1482965,-0.22107835,0.14385271,0.107280515,0.35648197,0.059559666,-0.20046139,-0.04637075,0.042078085,0.047908284,-0.05053906,-0.025104847,0.15426748,0.29236054,-0.09205776,-0.18387283,0.172888,-0.1384518,0.50176543,-0.032195434,0.330839,0.4295394,0.25561565,-0.0662149,-0.1656269,-0.3566719,-0.21330966,-0.26029152,-0.4137787,-0.19279657,-0.2168755,-0.10751715,-0.19809188,0.25162187,0.11272197,-0.013479826,0.19684605,0.17661843,0.017057262,0.040971242,-0.09091506,0.006136663,0.021817928,0.16843626,-0.1650995,0.024152247,-0.16484824,0.34525958,-0.3384253,-0.03196108,0.018880026,-0.06915923
0.008415436,-0.03816969,-0.014383677,0.2314469,-0.10437285,0.03757524,-0.09331047,-0.21282414,-0.05181283,-0.050472938,-0.00871175,-0.0034776037,0.0745498,0.07248386,0.1410131,-0.006639825,0.10807546,-0.0011651784,0.18682548,0.21534301,0.11269511,0.14992599,-0.030402327,0.25590736,-0.01394021,0.12642458,0.29880542,-0.06659104,-0.035723887,0.05633428,0.10312281,0.006783846,0.19320257,0.1417644,-0.30430335,-0.1055395,-0.076421626,-0.05500869,-0.20558314,-0.13421841,-0.10385448,-0.17075944,0.07805418,0.0070635225,-0.062921666,0.05134976,0.006506465,-0.05811531,-0.11528311,-0.11380341,0.049096145,-0.16121586,-0.017660104,0.022891212,0.037000176,-0.055781554,0.08905872,0.041460503,0.07413657,-0.04423467,-0.081110634,-0.04336596,0.057739872,-0.20193547,-0.18783759,-0.049064558,-0.010999524,0.03862772,-0.10017435,-0.0041523,-0.010615483,-0.33723298,0.09857018,-0.14821315,-0.008173229,-0.16964176,-0.029473418,0.009683885,0.08445699,-0.058316417
0.20259257,-0.009770367,0.09314693,-0.0034124986,0.58926105,0.056824952,0.1998214,0.3218355,0.075936764,-0.287457,0.14929418,-0.4378029,0.27268302,-0.10564812,0.68717957,0.20980161,0.3678808,0.23513953,-0.25210407,-0.17999545,-0.044635266,0.28393975,0.01160214,-0.01394021,1.8096838,0.7066208,0.4008824,0.2733493,-0.12909015,0.43562654,-0.49348596,-0.01651855,0.20778227,0.40846926,0.32166895,-0.04759355,0.12154095,0.27903277,0.325982,0.13308907,0.0768762,0.27176902,0.09052305,0.34162524,-0.12387286,0.16708024,-0.51015246,-0.12342128,-0.026128074,0.5638752,0.2741748,0.12404759,0.112708464,0.77906907,-0.22307011,-0.2580893,0.109865256,0.03732459,-0.07421303,0.22601993,0.13310565,-0.07988135,0.250063,-0.31043932,0.21129394,0.27572072,-0.36413005,-0.37590072,0.5550851,0.07440402,-0.31647792,-0.30701143,0.15755092,-0.030403875,0.05589717,-0.63398975,-0.44063446,-0.118253745,-0.079969294,-0.15687127
0.05253809,0.07199814,-0.16174763,-0.017516375,-0.5223393,-0.117886536,-0.07385038,-0.20769486,0.096704826,0.07643765,0.19477402,-0.16446507,0.1128936,0.10395406,0.37117693,0.5475603,0.07017552,-0.0349507,-0.1468519,0.099643745,0.12799191,0.19628596,0.2518229,0.12642458,0.7066208,0.86314446,0.34132293,0.50502956,-0.030644607,0.38721782,0.17156853,-0.08594386,0.6027352,0.41344166,0.18781962,-0.010548008,0.115144484,-0.043727234,0.026396347,-0.07646217,0.22972725,0.13076332,0.12963119,0.11453444,-0.1200112,-0.035085827,-0.11902275,-0.10301897,0.13614388,0.35699236,0.5056865,-0.15096825,0.044044577,0.12821162,-0.08497946,-0.26128837,-0.16383296,-0.042245325,-0.13876666,0.0975557,-0.0071999757,0.05328921,0.09522951,0.0865562,0.30696952,0.19704612,-0.0913874,-0.07417528,0.3382039,-0.14030886,-0.036803037,-0.18184164,0.047012933,-0.017108522,-0.120459415,-0.49894187,-0.39865607,-0.18389508,0.12330033,-0.02658008
-0.26117834,-0.18960287,0.060972594,0.38533992,-0.29698658,0.18116602,-0.057839938,-0.1142897,0.3668989,0.09155449,0.14874005,0.29841033,0.31386405,0.3396573,0.30017257,0.13958956,0.19710796,-0.1534395,0.5671767,0.2725437,0.43620303,0.37680346,0.06988071,0.29880542,0.4008824,0.34132293,1.3140619,-0.26898223,0.23465754,0.026047876,0.57794887,-0.0024833432,0.1133719,0.18474872,-0.6984156,-0.011706235,-0.20176324,-0.13903844,-0.15270132,-0.12557353,-0.25373116,-0.17869893,0.15635054,-0.16484344,-0.44494984,0.25655442,-0.11410565,-0.031137658,-0.404349,0.3613788,0.47421327,-0.07137559,0.07735325,0.2950362,0.042034306,-0.09222993,0.09040632,-0.18618494,-0.1492647,-0.090050034,-0.35209784,0.104504324,0.3263095,0.016060295,-0.06279824,-0.5340735,0.15822633,-0.035578627,-0.15536787,0.23532724,0.020858176,-0.4749928,0.22686067,-0.0909723,0.12921444,-0.37631458,-0.43409052,-0.16824639,-0.012885208,-0.5173738
-0.12285992,0.19327495,-0.20784952,-0.2404881,-0.09272078,-0.32894486,-0.12052494,-0.17927416,-0.24713692,-0.032877635,-0.16523188,0.1044403,-0.11009198,-0.10685536,0.39055517,0.28649333,0.21430941,-0.24962328,0.007196709,0.21360375,-0.056457173,-0.2844644,0.12783077,-0.06659104,0.2733493,0.50502956,-0.26898223,1.0700351,-0.1945843,0.42588624,-0.10218355,-0.117408685,0.50096786,0.106266625,0.6078902,0.098808125,0.13684992,-0.08248303,0.2593981,-0.005431768,0.2744276,0.14664079,-0.07418558,0.57536566,0.3311433,-0.24082495,-0.009478166,-0.097658,0.26043302,0.5415426,0.3710877,-0.20989875,-0.11599539,-0.14917518,-0.13661562,-0.063188754,-0.097879484,-0.020376507,-0.11508681,0.11823277,-0.010188905,0.11838236,-0.029608792,0.30407965,0.23922825,0.18638664,-0.08888,-0.0029683448,0.17839764,-0.037418965,0.26613498,-0.0123643,-0.1182685,-0.103900254,-0.48121762,-0.26856995,-0.029647145,-0.20645797,-0.092523776,0.27329284
-0.32274094,-0.147835,0.13592248,0.03679976,-0.029678773,-0.14814575,-0.13611296,0.20402597,-0.0006104243,-0.013050331,0.12544173,0.24896789,0.2559205,-0.017938875,-0.40932062,-0.26930988,-0.04423604,-0.3224397,-0.0012960689,0.104003154,-0.0024505302,0.15439533,0.1482965,-0.035723887,-0.12909015,-0.030644607,0.23465754,-0.1945843,0.5846964,-0.06626004,0.42615622,0.19609444,0.20897731,-0.0074986154,-0.18109165,-0.05856411,0.025222696,-0.12976556,0.31345907,-0.06606498,-0.13046159,-0.107818656,0.20961918,-0.06410462,-0.17747825,0.14937572,-0.044482026,0.023311917,0.13959756,0.23592806,-0.06299685,-0.05711333,-0.23677064,-0.19032405,0.079058,-0.09026982,-0.2633994,-0.096125826,-0.10519435,-0.07388078,-0.001090296,0.2225986,0.14475484,0.12135335,0.2527716,-0.30346817,0.117900096,0.17199488,-0.17856161,0.11114529,0.023265593,-0.08930156,-0.04936813,-0.0022612975,0.15205732,0.14587502,0.14794444,0.0146121755,0.08760253,-0.19059452
-0.07014632,0.030578166,-0.086443946,-0.21823093,0.32858276,-0.15360722,-0.1424568,0.17482834,-0.44163966,-0.19757086,-0.13476934,-0.3076881,0.24155481,-0.027199075,0.40959546,0.02993817,0.10287267,0.12698582,-0.25624046,-0.1513905,-0.040991616,-0.09002261,-0.22107835,0.05633428,0.43562654,0.38721782,0.026047876,0.42588624,-0.06626004,0.68720376,0.0357243,-0.10173739,0.4628775,0.29940605,0.24072815,0.04755498,-0.022512205,-0.17458911,0.086966835,-0.13130134,0.14402367,0.1861724,-0.01761387,0.31606543,-0.04950311,0.016046349,-0.22876762,0.04522603,-0.05057387,0.18844754,0.13178052,-0.12589236,0.076967955,-0.23426686,-0.030286092,-0.0361848,0.050014257,-0.009737532,0.03285527,0.29635057,0.06867578,0.12420539,-0.067307994,0.16989522,0.29461884,0.05025,-0.03118747,-0.04432233,0.2789163,-0.075091906,0.11409325,-0.31610003,0.1445081,-0.14204505,-0.0784837,-0.42742944,0.18299592,-0.22836806,0.05893048,0.13916272
-0.34996554,-0.1421202,-0.048496287,0.06549718,-0.6635478,-0.058353886,-0.21764486,-0.04463585,0.14532271,0.3047191,0.1344102,0.37198687,0.20812091,0.2647248,-0.18638547,0.12535971,-0.15220538,-0.2980214,0.21040887,0.1318558,0.25600398,0.11276977,0.14385271,0.10312281,-0.49348596,0.17156853,0.57794887,-0.10218355,0.42615622,0.0357243,0.8367187,0.010835711,0.29063106,0.09881117,-0.33678547,0.049424537,-0.08645698,-0.32515103,-0.03781574,-0.16911286,-0.03609251,-0.10250523,0.14453132,-0.2938724,-0.31619734,0.089545265,0.11034347,0.077901095,-0.06891948,0.14504695,0.3137708,-0.12323812,-0.03148344,-0.3102538,0.16313362,-0.008748868,-0.23580198,-0.18896364,-0.13623604,-0.07944502,-0.17188933,0.24681978,0.063321486,0.37480795,0.26791185,-0.40626368,0.31194064,0.21234228,-0.18826202,0.028317232,0.20962839,-0.08584783,0.043682326,-0.00015014184,0.090677,-0.009219163,-0.036399964,-0.13034485,0.14046992,-0.20311825
-0.035120346,-0.082729235,0.020871334,0.07017029,0.07909326,-0.109842554,-0.010901614,-0.0009522375,-0.035111442,-0.124919295,-0.01744081,-0.03570093,-0.06651015,-0.13436465,-0.2612168,-0.21125269,-0.06204417,-0.19501495,-0.042870488,0.105224095,-0.0796127,0.17838186,0.107280515,0.006783846,-0.01651855,-0.08594386,-0.0024833432,-0.117408685,0.19609444,-0.10173739,0.010835711,0.16558553,0.11647703,-0.08036307,-0.13196951,-0.101252355,-0.030824542,0.0072605647,0.15074657,-0.023817923,-0.14260508,-0.024843981,0.058129344,-0.050931707,0.038321413,0.0799571,-0.0039446037,-0.09447172,0.08440562,-0.025521656,-0.025994284,-0.017066356,-0.18753965,-0.066942394,0.002194859,-0.08184154,-0.119951084,-0.021454452,0.015971906,-0.08663707,0.03725493,0.10467942,0.06161717,-0.14033067,0.045434453,-0.07963309,0.020605877,0.08836247,-0.032055277,0.09052083,-0.0013661596,-0.09393234,-0.007035825,-0.07784426,0.030572088,0.021499319,0.019221975,0.028628785,0.053253118,-0.13235383
-0.20370512,-0.015038445,-0.27614745,-0.015057727,-0.3015068,-0.3346425,-0.22913411,-0.09637999,-0.3368365,-0.06123764,-0.0006271822,-0.08266652,0.042786226,-0.15651707,-0.021393146,-0.027842063,-0.034558523,-0.3029949,-0.23961097,0.32854745,0.068959266,0.29869562,0.35648197,0.19320257,0.20778227,0.6027352,0.1133719,0.50096786,0.20897731,0.4628775,0.29063106,0.11647703,1.0166068,0.38473982,-0.04621987,-0.14763497,-0.016414288,-0.21114428,0.11551281,-0.25632972,0.10009374,0.19637476,0.070045814,0.122197315,0.10676525,-0.010214983,0.14065652,-0.12116602,0.25809145,0.32872427,0.379772,-0.3298469,-0.2586987,-0.4830166,-0.07421572,-0.2878208,-0.36262164,-0.0995522,-0.025874779,0.062392183,-0.008330432,0.35234118,0.05212924,-0.06425792,0.406872,0.12935011,0.014862461,0.17024438,0.1225291,-0.0354311,0.19392121,-0.4336395,0.047765765,-0.30705538,-0.20996155,-0.26966786,-0.0078086597,-0.18233702,0.22928588,0.02385479
-0.0656791,-0.12256806,-0.039520193,0.10993022,-0.04983168,0.1601495,-0.06350833,0.4232532,-0.059682664,0.33918867,0.17887202,0.22409478,0.36869344,0.053867217,0.4746349,0.056281492,0.22762989,0.14604539,-0.027696071,-0.01301789,0.17115557,0.11500122,0.059559666,0.1417644,0.40846926,0.41344166,0.18474872,0.106266625,-0.0074986154,0.29940605,0.09881117,-0.08036307,0.38473982,0.60850185,0.11091239,-0.07858273,0.069800794,-0.01213817,-0.04710864,-0.072954796,0.17814524,0.12101056,0.07902304,-0.06219344,-0.08024138,0.064500585,0.0771669,0.10956101,-0.02190933,0.24999104,0.16421434,-0.08676053,0.11327888,0.32836762,0.04534847,-0.024623482,-0.06888282,0.055378474,0.092385516,0.08819695,0.09318491,-0.015517695,0.040486567,-0.30099767,0.16183773,0.35131505,-0.12993522,-0.039621275,0.05273803,-0.06392494,-0.018700795,-0.24424432,0.11225027,-0.17693569,0.074843526,-0.04023786,0.016200494,0.06743764,0.12748669,0.19050351
0.20499,-0.012982862,0.054040395,-0.3062897,0.21864103,-0.13248114,0.033544227,0.3637183,-0.09437396,0.17220321,-0.050732158,-0.018990835,-0.0005934571,-0.1152584,0.43371752,0.31347314,0.1345075,-0.011104747,-0.22536945,-0.37168404,-0.34716755,-0.3974662,-0.20046139,-0.30430335,0.32166895,0.18781962,-0.6984156,0.6078902,-0.18109165,0.24072815,-0.33678547,-0.13196951,-0.04621987,0.11091239,1.0471115,0.113024086,0.27162054,0.09731392,0.4618965,0.2182358,0.2829361,0.11572304,0.031997602,0.24649617,0.16263562,-0.094781525,-0.2963788,-0.00721203,0.20406274,0.085763626,0.08493583,0.13623112,0.06931612,0.5176081,0.07894769,0.15139791,-0.032305706,0.16316429,0.06512016,0.11063471,0.41101962,-0.14922771,-0.16582717,0.12802346,0.31065145,0.4027228,-0.16342774,-0.066326946,0.3988692,-0.11565609,0.048106596,0.34971058,-0.0903577,0.077790305,-0.084506385,-0.16037484,0.115348265,0.04394285,-0.031679727,0.3722719
-0.049096726,0.08521824,-0.017465021,-0.15675949,-0.04557797,0.0201987,0.023497764,0.01383658,0.04843608,0.050280854,-0.007537301,0.026747806,0.0033261306,0.08570547,0.039008666,0.1294237,-0.038992003,0.07623832,-0.011208971,-0.11980341,0.038289126,-0.17324004,-0.04637075,-0.1055395,-0.04759355,-0.010548008,-0.011706235,0.098808125,-0.05856411,0.04755498,0.049424537,-0.101252355,-0.14763497,-0.07858273,0.113024086,0.13529311,0.011960435,-0.034211535,-0.01941016,0.04564934,0.10092823,0.07517029,-0.07842279,0.043741144,-0.03226336,-0.069709875,-0.0012247539,0.08353925,-0.03127319,0.10557668,0.026845042,0.06082363,0.1105866,-0.10126693,-0.028500834,0.06393423,0.03603818,-0.056191515,-0.090665966,0.07529964,-0.06422228,0.008574775,-0.04415784,0.29029903,0.061084572,-0.06430768,0.052081667,-0.055228006,0.027050553,-0.028060481,0.043393005,0.18225786,-0.035410456,0.12706973,-0.033789914,0.03489764,-0.014790421,-0.082698815,-0.08809539,0.036980428
0.023830451,0.07663476,0.07871093,-0.056747094,-0.041990474,-0.0120331645,-0.004913641,0.04792143,0.039517544,0.054392483,0.12207411,0.075707436,0.111199364,0.005589369,0.025273388,0.11247439,0.091557175,0.046383444,-0.07950895,-0.02691418,-0.06134277,-0.11446049,0.042078085,-0.076421626,0.12154095,0.115144484,-0.20176324,0.13684992,0.025222696,-0.022512205,-0.08645698,-0.030824542,-0.016414288,0.069800794,0.27162054,0.011960435,0.17828849,0.07886513,0.105685994,0.06645693,0.13556449,-0.050777104,0.086689845,0.14031804,0.014542178,-0.07125804,-0.048701435,0.033736307,0.179417,0.116422,-0.12586032,-0.008985368,-0.006002857,0.1343302,-0.013954035,-0.029867878,-0.04210015,0.07837009,-0.047552153,0.020958226,0.08533188,-0.10549584,0.009218365,0.041585498,0.026701719,0.16877499,-0.12163491,-0.038010348,0.012034707,-0.098826185,-0.11190328,0.14409192,-0.11530358,0.1108865,-0.0047584013,0.097220525,0.037639674,0.08795629,-0.008811697,0.14718913
0.16386601,0.03712384,0.058568884,0.047860682,0.12717183,0.111728005,0.14495684,0.044631384,0.13798356,-0.004395254,0.07371138,-0.04513933,-0.06207092,-0.06354096,0.04259193,0.018074287,0.06951775,0.1284506,-0.039889887,-0.041109778,-0.049131595,0.02971114,0.047908284,-0.05500869,0.27903277,-0.043727234,-0.13903844,-0.08248303,-0.12976556,-0.17458911,-0.32515103,0.0072605647,-0.21114428,-0.01213817,0.09731392,-0.034211535,0.07886513,0.20707057,0.0057155564,0.119059026,0.019335119,0.021721242,-0.016138595,0.0066061174,0.0755385,-0.018226253,-0.0076085874,-0.026062205,0.04904591,-0.0127416905,-0.111188866,0.10198821,0.031760395,0.31589055,-0.06724106,-0.02184523,0.05728921,0.07619626,0.017812561,-0.03130089,0.060886163,-0.14935802,0.033117123,-0.22238451,-0.13442722,0.20479657,-0.15416253,-0.11590036,0.04537656,-0.0057072937,-0.17204417,0.11740545,-0.04637125,0.06347076,0.028531583,0.092620626,-0.114570975,0.12061906,-0.06128589,0.031114276
-0.09572211,-0.19813582,0.15476738,-0.084877126,0.39969668,-0.2534006,-0.033580393,0.36820933,-0.08755837,-0.0821542,-0.07283393,0.11244931,0.07853408,-0.20041831,0.02275949,-0.14587402,0.1260627,-0.39754626,-0.027512431,-0.077486254,-0.28814164,-0.035235718,-0.05053906,-0.20558314,0.325982,0.026396347,-0.15270132,0.2593981,0.31345907,0.086966835,-0.03781574,0.15074657,0.11551281,-0.04710864,0.4618965,-0.01941016,0.105685994,0.0057155564,0.66681695,0.11292576,-0.09250972,-0.01563998,0.15743455,0.1831232,0.043307338,0.13777542,-0.33285153,-0.11377403,0.15427764,0.2686483,0.10408751,0.07037281,-0.23260269,0.33028308,0.08220691,0.016377402,-0.15867628,0.014394597,-0.00405548,-0.035582107,0.25597656,0.12001259,0.07720117,0.026845831,0.33543867,-0.09238768,-0.021479677,0.0780735,0.16143541,0.17671204,0.09166629,-0.0006097914,-0.03283642,-0.07001836,0.0143931275,-0.16228724,0.109717995,-0.0010276601,-0.011455418,-0.06349484
0.0955187,-0.015155397,0.06483553,-0.0361669,0.079806834,0.06339718,0.111108854,0.119538456,0.15404306,0.08194713,0.028750073,0.047186706,-0.05600383,-0.014432117,0.06561945,0.08190671,0.028519697,0.024703972,0.01327627,-0.129778,-0.071928695,-0.07843308,-0.025104847,-0.13421841,0.13308907,-0.07646217,-0.12557353,-0.005431768,-0.06606498,-0.13130134,-0.16911286,-0.023817923,-0.25632972,-0.072954796,0.2182358,0.04564934,0.06645693,0.119059026,0.11292576,0.14015438,0.02578661,0.025699958,-0.016373936,-0.025361657,0.02702518,-0.0043628435,-0.06593993,-0.0014709751,0.0081301415,0.01909336,-0.004031868,0.1431429,0.052302703,0.3075991,0.0028374214,0.06486626,0.030073695,0.03156703,-0.009169341,-0.027815936,0.079460315,-0.09259846,-0.0035702756,-0.012499562,-0.0050547407,0.07577615,-0.050683018,-0.07204092,0.07348339,0.025015274,-0.05448087,0.20815912,-0.041845154,0.09345749,0.03140522,0.05121988,-0.08077207,0.059191294,-0.07684973,0.015378373
-0.020403173,0.18854012,-0.1262996,-0.22873628,-0.23099068,0.03615086,0.021653613,0.08624471,-0.0036035455,0.19375736,0.13040474,0.025293544,0.04787675,0.037105408,0.06743699,0.21857302,-0.043894604,0.21541902,-0.25625294,-0.10764269,0.08150364,-0.15853941,0.15426748,-0.10385448,0.0768762,0.22972725,-0.25373116,0.2744276,-0.13046159,0.14402367,-0.03609251,-0.14260508,0.10009374,0.17814524,0.2829361,0.10092823,0.13556449,0.019335119,-0.09250972,0.02578661,0.33722135,0.23850468,-0.10023839,0.061169274,0.070114486,-0.1858813,0.18717873,0.14226006,0.17661124,0.22466241,0.0030235534,-0.005296915,0.13248861,-0.18359059,-0.10805042,-0.03178737,-0.10169344,-0.019410068,-0.09623778,0.14416355,-0.010202005,-0.002087308,-0.085888565,0.19296843,0.16500096,0.31243715,-0.07455493,-0.086429484,0.08237196,-0.18440525,-0.022728661,0.24921478,-0.105563805,0.12932016,-0.09054129,0.18304281,-0.010066039,-0.02781348,-0.019491397,0.26502004
-0.030265097,0.07484302,-0.28835413,-0.2931457,-0.036797326,0.007717808,0.14994307,0.29003873,-0.033864614,0.12996316,0.023172105,-0.17613031,-0.18273379,-0.15162833,-0.08071693,-0.0040190727,-0.25824198,0.13900523,-0.44653472,-0.19625987,0.083892204,0.10141607,0.29236054,-0.17075944,0.27176902,0.13076332,-0.17869893,0.14664079,-0.107818656,0.1861724,-0.10250523,-0.024843981,0.19637476,0.12101056,0.11572304,0.07517029,-0.050777104,0.021721242,-0.01563998,0.025699958,0.23850468,0.5984595,-0.2845716,-0.1834002,0.15397061,-0.08171345,0.2946491,0.08347263,0.09590011,0.26739764,0.23238194,0.13069384,0.09052396,-0.32841557,-0.19282049,-0.07278295,-0.22424395,-0.17821021,-0.072952166,0.15638162,-0.021307195,0.2535076,-0.08454316,0.057391178,0.38224173,0.27895606,0.02427867,-0.089832895,0.25109354,-0.01392256,0.09004425,0.19927393,0.011196477,-0.004076036,-0.073139414,0.1377224,-0.14657816,-0.1547668,-0.02144065,0.06511837
