0.84672713,0.061433043,-0.16502774,-0.052072212,-0.016286004,-0.44528493,0.20470011,-0.10622305,0.28958192,-0.3217033,-0.25724798,-0.01016443,-0.11511447,-0.16954082,-0.18261935,0.43400288,-0.18037894,0.13722603,0.028248562,-0.3126021,-0.40659374,-0.056161176,-0.16453962,-0.111619286,0.26205453,0.28423437,0.051035803,-0.09758393,-0.2431212,0.053239215,-0.24712184,-0.09727141,-0.26038823,0.24842079,0.49116558,-0.17897807,0.072963625,0.22247481,0.25620967,0.16998206,0.056879006,-0.10841275,0.18928494,-0.41016695,-0.013483189,-0.1777226,-0.3615212,-0.14772919,-0.023951247,0.058435794,-0.030103019,0.23199178,0.15398715,0.35810152,-0.4250704,-0.1716577,-0.10913969,-0.03848229,-0.081051156,0.11513591,0.2950612,-0.19542809,-0.3559815,-0.16556473,-0.19045079,0.26863223,-0.1581203,-0.082340114,0.3594878,-0.12279123,-0.038655587,0.1485281,-0.06984914,0.22507034,-0.09830148,-0.22026826,-0.13263337,0.19007325,0.3737748,-0.24104424
0.061433043,0.33049852,0.06268308,-0.038580433,0.038890887,-0.14806812,-0.13660023,0.069295004,-0.17737514,-0.45337105,-0.054085296,-0.14889577,-0.0773271,0.041094072,-0.13250187,-0.030322718,0.12773794,-0.089207634,0.0045659943,0.088102914,-0.0009788688,-0.30509067,0.22397992,-0.12452092,-0.15952449,-0.26052737,-0.004098526,-0.030118585,-0.050083816,-0.15451735,-0.27537706,-0.11794594,-0.21706134,-0.01340524,0.23085459,0.2107368,-0.24211636,-0.29628512,-0.20939118,-0.09099196,-0.07302038,-0.18833286,-0.03736859,-0.25402212,0.13625197,-0.30882943,-0.040282663,0.06738458,0.13517672,0.102090724,0.06366506,-0.08374803,-0.031049252,-0.11550273,-0.1273115,-0.07778896,0.13342921,-0.112384155,-0.105184086,-0.02623619,-0.07771154,0.2514937,-0.015564909,-0.10621849,-0.16479288,0.056224216,-0.124669746,-0.07485826,-0.09741524,-0.16181366,-0.103145614,0.10872653,-0.2107735,0.26177034,-0.1576723,0.06566655,-0.07652794,-0.15909389,-0.02202286,-0.22785617
-0.16502774,0.06268308,0.21891657,0.14437096,0.29579043,0.16017377,-0.14726129,0.117947064,-0.3042948,0.00829027,-0.076982535,0.041397333,0.14774433,-0.08178663,0.055521563,-0.09222575,0.27330706,-0.26641548,0.18758869,0.040501613,-0.03725239,-0.21259777,-0.2559495,-0.011231193,-0.063921645,-0.12968577,0.039209425,-0.22271205,-0.03279698,-0.084702395,-0.15142342,-0.17205279,-0.14455438,-0.06332807,0.067946814,0.13309418,-0.077999756,-0.25491115,0.047566857,-0.04794851,-0.08530023,-0.09274853,0.16501988,0.14213967,0.021484347,0.057980053,0.15989116,0.02799798,-0.040547043,-0.29452047,-0.08385652,-0.044594683,-0.18630156,0.03067183,0.275561,0.17180623,0.18270092,0.12933142,0.1363446,0.07750774,0.14858003,0.059029844,0.035963524,-0.116263404,-0.098604016,-0.1277828,-0.07808576,-0.10293419,-0.1589914,0.024175353,0.002757285,-0.0067206407,0.015098686,-0.0495569,0.08792835,0.031400476,0.17705426,0.102381356,-0.22600777,0.03797165
-0.052072212,-0.038580433,0.14437096,0.37954366,0.11915633,0.27820772,0.055070296,0.08254221,-0.06870143,-0.043739077,0.0079523055,0.13647845,-0.026817815,-0.046863265,0.023967309,-0.016340489,0.1430797,-0.16812564,0.1844964,-0.055101283,-0.07392014,-0.012944508,-0.54282796,0.28439066,0.051660836,-0.18771748,0.45323452,-0.5622121,-0.03937743,-0.06611673,-0.0821338,0.031681255,-0.21367553,-0.23643765,-0.21155913,-0.06627631,-0.067878254,-0.03743727,0.08984384,0.119315125,-0.17236827,-0.2175681,0.17816572,0.20749731,-0.18056871,0.21938443,0.0977186,-0.0059647174,-0.20603593,-0.39586115,-0.05621322,0.17802274,0.041117888,0.069945626,0.26552975,0.0886165,0.281993,0.2967898,0.16126074,0.118938394,0.12221699,-0.1282627,0.22939722,-0.14315943,-0.14492549,-0.22176246,-0.019355422,-0.047487807,-0.21224873,0.12249903,-0.0796679,-0.07151032,0.124059126,-0.062082846,-0.018411288,0.09233523,0.30056214,0.17632796,-0.1842462,-0.2543473
-0.016286004,0.038890887,0.29579043,0.11915633,1.3610954,0.33322945,-0.19988725,0.568292,-0.9232203,-0.4819049,-0.26505882,-0.07686676,0.3683704,-0.23312753,0.25233883,-0.59282637,0.42273065,-0.23226441,0.27438372,0.23664635,-0.46235713,-0.056227192,-0.08475057,-0.18160817,0.08353486,0.08009059,-0.37982512,-0.2520051,-0.30124614,0.062815815,-0.40783468,-0.10279618,-0.033410557,0.5132075,0.057466,-0.058690827,0.032273546,-0.10378177,-0.07029591,0.07255,-0.056280788,0.49414474,0.15245946,0.24650677,0.11322974,0.37187245,0.08417714,-0.14294021,-0.091038406,-0.31136516,-0.28704238,0.099233575,-0.24606514,0.47186148,0.057473112,0.30313802,0.21719447,0.21529664,0.14221868,0.1233127,0.42343652,-0.13265055,0.07756779,-0.26901433,-0.23182797,0.08614261,-0.098976076,-0.3147137,-0.060753644,0.08332639,0.14242262,0.019303912,0.18137096,-0.279274,0.23873886,-0.24009591,0.6188251,0.33387026,-0.42041662,0.27870253
-0.44528493,-0.14806812,0.16017377,0.27820772,0.33322945,1.8879932,0.07743007,0.6912456,0.15346065,0.8141182,0.5588937,0.59264475,0.28620517,0.3640795,0.3623048,-0.12284955,0.30599132,-0.0116929645,0.208848,0.28545916,0.22241338,-0.15072519,0.20610522,0.12980384,0.42074525,0.38408822,0.16934876,-0.5175455,-0.09023102,-0.14033939,-0.010753803,-0.32725325,0.1564655,0.20392284,-0.278857,-0.04535172,-0.33377862,0.28128582,-0.29338852,0.19776544,-0.1776798,0.18201512,0.054167945,0.31121305,0.22035986,0.55462116,0.5425474,0.27218762,-0.14211373,0.37365943,0.081690855,0.25673053,0.51697963,0.46733165,0.437112,0.21275379,0.3796577,0.30833402,0.051843483,-0.07626294,-0.35900334,-0.047256075,0.44902214,-0.22070095,-0.03137435,-0.07520991,-0.06554657,-0.25755584,-0.32198188,0.13553327,-0.18539177,0.036942873,0.21438125,0.11699752,0.19866784,0.86415696,0.1477608,0.39827636,-0.6596749,-0.20955671
0.20470011,-0.13660023,-0.14726129,0.055070296,-0.19988725,0.07743007,0.29686603,-0.10760215,0.3794724,0.09390395,0.119727895,0.07604344,-0.154476,-0.018640447,-0.11862306,0.09983675,-0.26493618,0.19677646,-0.07755248,0.047119588,-0.09890795,0.07673625,-0.06196939,0.09142234,0.15181011,0.17571872,0.15792237,-0.16012847,0.09669447,-0.044710558,0.14587177,0.22901198,0.025348125,0.03132801,-0.17621416,-0.21336153,0.16863462,0.22509994,0.11669906,0.14757644,0.035886634,0.0690994,-0.0044906004,0.005201361,-0.04191967,0.17080367,-0.11069588,-0.033337444,-0.002130231,0.20754436,0.03256618,0.23596378,0.19929746,0.07695359,-0.10154456,-0.10128413,-0.101645485,-0.11309751,-0.0842242,-0.12175492,-0.042644367,-0.15248951,0.08641376,-0.007908404,0.07407484,-0.057621732,0.002327917,0.037945423,0.09200457,0.09098413,-0.052685384,-0.033462867,0.05674887,-0.045929756,-0.098193996,0.1824301,-0.008969609,0.19528665,0.19820029,-0.09591125
-0.10622305,0.069295004,0.117947064,0.08254221,0.568292,0.6912456,-0.10760215,1.127792,-0.041492563,-0.26219723,-0.11951269,-0.08681366,0.33594427,0.13154793,0.2700513,-0.1130341,0.39270124,0.020805689,0.10510845,0.17392232,-0.017003847,-0.0057594604,-0.10128102,-0.044405874,0.59905887,0.28175458,-0.04377315,-0.060027555,-0.22979498,0.30357802,-0.3307725,-0.09047284,-0.034851912,0.23207098,0.180922,0.07900272,-0.27105606,-0.06983264,-0.055435088,-0.17919905,-0.054709826,0.4075553,0.11613142,0.37562802,0.05438763,0.19178617,-0.04822916,0.26686025,0.091240615,0.48141524,0.028417524,0.031094862,0.20886758,0.385514,-0.0377642,0.2005974,0.22650482,0.025676196,-0.11985255,0.2415269,0.12714013,-0.047014177,0.30681148,-0.14854142,-0.0051694205,0.38465312,-0.09646591,-0.2879483,-0.023462728,-0.0455612,-0.03334706,-0.019012634,0.05657801,0.29478484,-0.01557057,-0.15993841,0.27150553,-0.26066998,-0.010691429,0.10080607
0.28958192,-0.17737514,-0.3042948,-0.06870143,-0.9232203,0.15346065,0.3794724,-0.041492563,1.2149453,0.5369469,0.17550267,0.34795675,-0.2235272,0.13501899,-0.092234105,0.67917377,-0.42967212,0.22846328,-0.07452214,-0.08526657,0.13194929,0.06027151,-0.07463665,0.18734129,0.58349055,0.5251853,0.27112934,0.21591277,0.044676926,0.14591762,0.32131457,0.18249002,0.17953108,-0.23868775,0.15646155,-0.2241498,0.07380996,0.27930245,0.23886342,-0.0285912,0.11420765,-0.09030897,-0.012147343,0.06976517,0.06725829,-0.04641741,-0.17712668,0.23537584,0.08982311,0.74659467,0.39482477,0.10383893,0.44751292,-0.1173499,-0.21574047,-0.112473376,-0.2514891,-0.2696823,-0.24188359,-0.13479166,-0.1695272,-0.15077887,0.013743219,0.03290154,0.2295231,0.14884563,-0.011758762,0.11733511,0.2553958,0.011333952,-0.05997045,-0.081113726,-0.038058486,0.19902457,-0.38829625,0.3425983,-0.55925745,-0.08788241,0.54903036,-0.22582543
-0.3217033,-0.45337105,0.00829027,-0.043739077,-0.4819049,0.8141182,0.09390395,-0.26219723,0.5369469,1.6067669,0.36501724,0.5775906,0.29129246,0.11426991,0.21911906,0.42063117,-0.029124409,-0.03340643,0.08951553,-0.18775965,0.35409087,-0.03268515,-0.11935329,-0.010410009,0.17173578,0.5529333,-0.053461153,0.0856214,0.18259618,-0.041221455,0.4683112,-0.42405042,0.29508948,-0.0314504,-0.016348928,-0.0024475767,0.14569616,0.30883414,0.3189019,0.07013397,0.10069149,-0.048286237,0.18822123,0.20170496,0.05843707,0.28912634,0.45522693,0.098643474,-0.11912607,-0.029005103,-0.010313906,-0.030540679,0.07385235,0.17820157,0.5879394,0.18822888,-0.16533205,0.14769064,0.22434738,-0.04638707,-0.13778141,-0.0992739,-0.19782755,0.1384898,0.29550278,-0.19798717,0.05010648,0.059082948,0.050773535,0.13460772,0.040964097,-0.01551036,0.17777866,-0.14037126,0.43907052,0.46492013,-0.3175595,0.38865313,-0.21794093,0.32786152
-0.25724798,-0.054085296,-0.076982535,0.0079523055,-0.26505882,0.5588937,0.119727895,-0.11951269,0.17550267,0.36501724,0.6064927,0.19793823,-0.09733839,0.23433024,0.04424753,-0.04364591,-0.28850266,-0.0032463102,-0.15694852,0.110109314,0.2708944,-0.122065045,0.5020334,-0.056490082,0.2014604,-0.14905813,0.21434937,0.05395947,0.17597914,-0.13641657,0.23319419,-0.009883128,0.15346292,-0.014102136,-0.30705905,0.08962844,-0.09044367,0.20332548,-0.07181418,0.12816249,-0.15297066,0.12465645,-0.13273077,-0.15976584,-0.053182013,-0.029001666,0.06172239,0.021876067,-0.04239846,0.30317855,0.10543559,0.2045976,0.17990255,-0.0862072,0.14183731,-0.07048276,0.047868386,-0.15257348,-0.09435119,-0.17392895,-0.4423101,0.21264783,0.24945568,0.11701305,0.19594586,-0.33038667,0.06841357,0.020339567,-0.09914519,0.05628135,-0.110568315,-0.019393612,0.13243978,0.077361636,0.10833169,0.36491528,0.06907559,0.07443216,-0.21523464,-0.30293816
-0.01016443,-0.14889577,0.041397333,0.13647845,-0.07686676,0.59264475,0.07604344,-0.08681366,0.34795675,0.5775906,0.19793823,0.6538119,-0.010376769,0.030609565,0.20809907,0.25289267,-0.07764256,-0.26275718,0.2867542,-0.043423064,-0.023311226,-0.047446758,-0.08217471,0.21491355,0.37106133,0.29411727,0.14860249,-0.028191732,-0.22583118,0.027408158,0.14535382,-0.11138436,0.23213811,-0.16161236,0.08499229,-0.20939915,-0.03630709,0.18561544,0.033392765,0.12021897,-0.068709806,-0.109097876,0.054950744,0.1759398,0.1614016,0.14253615,0.22039276,0.083699636,-0.21662733,0.021314543,0.25508067,0.07154444,0.17126036,-0.027867852,0.142449,0.1799327,0.067636654,0.21017374,0.08285956,-0.090760194,-0.028328964,-0.14671598,0.028911313,-0.17298894,-0.058130685,-0.108898036,-0.008594672,-0.016108684,-0.024536809,0.11732249,0.058391184,-0.07643347,0.15702581,-0.17357793,-0.13803343,0.44149873,-0.20463933,0.29518676,-0.22919467,-0.2835659
-0.11511447,-0.0773271,0.14774433,-0.026817815,0.3683704,0.28620517,-0.154476,0.33594427,-0.2235272,0.29129246,-0.09733839,-0.010376769,0.3718798,-0.03794879,0.18594547,-0.00288693,0.291326,-0.1009317,0.10335315,-0.07291157,0.010292779,-0.08546303,-0.15576509,-0.19441326,0.1488732,0.20321535,-0.20379575,0.021037644,-0.05487576,0.103221424,-0.11614796,-0.33411258,-0.03200639,0.22031146,0.20840524,0.14890133,-0.020166274,-0.046050865,0.17599346,-0.07567483,0.021704862,0.1818825,0.2159933,0.1384693,-0.0005782321,0.11325128,0.116418116,0.027497439,-0.00421357,-0.11258134,-0.18124838,-0.05777908,-0.13927115,0.3236914,0.24325824,0.19597565,0.03990805,0.09908217,0.12581219,0.19498356,0.20044014,-0.009869715,-0.11215087,-0.008952299,0.045108885,0.088721216,-0.056110337,-0.1516788,0.041422296,-0.014901504,0.056895148,0.039812077,0.07536942,0.035030447,0.34460625,-0.18719704,0.1564625,0.0638932,-0.14512786,0.34019002
-0.16954082,0.041094072,-0.08178663,-0.046863265,-0.23312753,0.3640795,-0.018640447,0.13154793,0.13501899,0.11426991,0.23433024,0.030609565,-0.03794879,0.27606753,0.06777977,-0.009079182,-0.00455123,0.1673947,-0.12854002,0.017269805,0.27258104,0.09405365,0.36666304,0.048370242,-0.007143805,-0.03280084,0.05730345,0.07300039,0.016638922,0.0016926067,0.051472735,-0.053203017,0.09312791,-0.010186659,-0.13457099,0.05594396,-0.21737325,0.14581665,-0.2823074,0.0061865374,-0.040238116,-0.02778878,-0.1807306,-0.10396848,0.019147165,-0.060539134,0.08705199,0.10797557,0.011320304,0.26607242,0.10343342,-0.02887075,0.2623144,-0.024124738,-0.046721715,-0.11151804,0.06441234,0.039659012,-0.08283339,-0.024579633,-0.34256154,0.098393425,0.123903945,0.08211848,0.031065162,0.08459719,0.06621668,0.032643575,-0.089601085,-0.06352834,-0.103421286,0.04830693,-0.034113247,0.21231723,-0.0012403193,0.17223315,-0.12841563,-0.19632638,-0.10925504,-0.15833487
-0.18261935,-0.13250187,0.055521563,0.023967309,0.25233883,0.3623048,-0.11862306,0.2700513,-0.092234105,0.21911906,0.04424753,0.20809907,0.18594547,0.06777977,0.3272442,-0.049740627,0.08942682,-0.12831406,0.11332524,-0.079094656,0.058458645,0.20387298,0.0032320945,0.06983818,0.30670086,0.1460482,-0.06166722,0.19041948,-0.20436093,0.26019442,0.047220483,-0.092736505,0.23676951,0.027566725,-0.0029793098,-0.05798457,-0.063530736,0.1676916,-0.013256423,-0.013173321,-0.042078268,0.20366113,-0.004939582,0.22505914,-0.034420088,0.12037076,0.09201553,0.02993727,-0.16554222,-0.044600092,0.045802362,-0.043926746,0.029605811,0.092778794,0.086349264,0.17860053,0.061791502,0.2210893,0.0864392,0.1332962,0.041117802,-0.1011485,0.064467974,0.014440402,0.03568868,0.0746086,0.095298134,-0.03898958,0.007526764,0.056222696,0.11900715,-0.07625588,0.19327359,-0.10675869,0.113441825,-0.14058463,0.096076116,-0.06019271,-0.21596861,0.05613759
0.43400288,-0.030322718,-0.09222575,-0.016340489,-0.59282637,-0.12284955,0.09983675,-0.1130341,0.67917377,0.42063117,-0.04364591,0.25289267,-0.00288693,-0.009079182,-0.049740627,0.7911341,-0.12172831,-0.092037395,0.0898931,-0.45487425,0.03480006,-0.19421804,-0.35226128,-0.028115878,0.462634,0.27272516,0.2846902,0.08190546,-0.11961716,0.11368147,-0.019365583,-0.3393965,-0.1854939,-0.16899921,0.5688656,0.060496237,-0.07328692,0.089903615,0.44310308,-0.023947375,-0.0042017233,-0.34369048,0.29627207,-0.20650828,-0.0732297,-0.30249625,-0.15747736,0.08506691,-0.04578802,0.091401525,0.13535242,0.049030367,0.12695695,0.11185355,-0.002284187,-0.026082559,-0.068224646,-0.013515484,-0.0024555256,0.19392821,0.14299645,-0.037783165,-0.31487748,-0.03781973,0.022415606,0.098286405,-0.12017723,-0.013363103,0.25536716,-0.11824428,-0.054234628,0.05739495,-0.046520866,0.34570104,-0.032993644,-0.06730625,-0.35683545,-0.019531848,0.3181427,-0.24600063
-0.18037894,0.12773794,0.27330706,0.1430797,0.42273065,0.30599132,-0.26493618,0.39270124,-0.42967212,-0.029124409,-0.28850266,-0.07764256,0.291326,-0.00455123,0.08942682,-0.12172831,0.6155422,-0.10817355,0.21992834,0.000513431,0.007984335,-0.13054222,-0.34169453,0.017091041,-0.29577225,-0.021240883,-0.08921174,-0.38739213,-0.1072986,-0.08206801,-0.33930308,-0.34877333,-0.2590655,0.04269988,0.15206078,0.17060593,-0.22838715,-0.29094055,-0.14997783,-0.09401892,-0.021743601,-0.21276245,0.18347763,0.1671105,0.09585569,0.13187066,0.3082148,0.10506767,-0.00040891033,-0.36623967,-0.18134362,-0.18074748,-0.091226004,0.23724526,0.27440697,0.15567546,0.27229208,0.34060007,0.19481933,0.20307127,0.18054977,-0.000962835,-0.04154245,-0.16695303,-0.24601902,0.15392812,-0.116340555,-0.15665141,-0.22724064,-0.066183336,-0.05489909,0.10355707,-0.107071824,0.1080154,0.16019742,0.010647522,0.100480385,0.014625845,-0.2961648,0.19250056
0.13722603,-0.089207634,-0.26641548,-0.16812564,-0.23226441,-0.0116929645,0.19677646,0.020805689,0.22846328,-0.03340643,-0.0032463102,-0.26275718,-0.1009317,0.1673947,-0.12831406,-0.092037395,-0.10817355,0.6433048,-0.31699416,0.052792974,0.07408016,0.39490733,0.31098327,0.035095062,-0.29336226,0.24070418,-0.18496116,-0.016656645,0.14789474,-0.01041276,0.11115671,0.21130677,0.08920757,0.27063742,-0.28729826,-0.1932414,0.086710736,0.35435778,-0.27457422,0.1021374,0.19779706,0.11664567,-0.24919687,-0.14351779,0.013302202,0.16708642,-0.046988554,-0.02462532,0.12861522,0.33031872,-0.08306222,0.03375636,0.3444562,0.19140638,-0.3230579,-0.29852808,-0.19549662,-0.0446783,-0.13537069,-0.09580988,-0.2384724,-0.15524581,-0.021066735,0.14968295,0.051535368,0.317596,0.09160892,0.10843312,0.099856056,-0.043038264,-0.094526015,0.10621112,-0.10967871,0.11085815,0.020085203,0.054265644,-0.17750144,-0.076174036,0.22137688,0.19344361
0.028248562,0.0045659943,0.18758869,0.1844964,0.27438372,0.208848,-0.07755248,0.10510845,-0.07452214,0.08951553,-0.15694852,0.2867542,0.10335315,-0.12854002,0.11332524,0.0898931,0.21992834,-0.31699416,0.32832235,-0.030189412,-0.16881295,-0.1438579,-0.39615488,0.12201291,0.13490516,0.09971239,0.07273311,-0.2135226,-0.21751542,0.0075160814,-0.13995704,-0.14679773,-0.06210392,-0.112611264,0.20751119,-0.05866919,-0.04896142,-0.14184248,0.08865716,2.9729312e-05,-0.060307045,-0.1501999,0.19592457,0.21994582,0.10148646,0.10966811,0.15097252,0.04831478,-0.12657408,-0.26302993,0.046615828,-0.018844344,-0.07893397,0.052738678,0.17203216,0.22057487,0.15877059,0.22836536,0.14406379,0.071335085,0.25176272,-0.11111077,-0.022675533,-0.23016647,-0.1783913,-0.029359011,-0.09515612,-0.10211034,-0.07507637,0.054672405,0.05677134,-0.037529238,0.0506052,-0.12342853,-0.07979994,0.10868442,0.024987986,0.19891185,-0.1705846,-0.07741824
-0.3126021,0.088102914,0.040501613,-0.055101283,0.23664635,0.28545916,0.047119588,0.17392232,-0.08526657,-0.18775965,0.110109314,-0.043423064,-0.07291157,0.017269805,-0.079094656,-0.45487425,0.000513431,0.052792974,-0.030189412,0.6328312,-0.030387778,-0.14439538,0.39324725,-0.025982812,-0.16448222,0.026086193,-0.26982728,0.016011799,0.16538742,-0.19566908,0.061935287,0.35093096,0.20776308,0.08030063,-0.271313,-0.051489197,0.07002116,-0.24509223,-0.33331314,-0.09509512,0.06846938,0.29087397,-0.24243152,0.25757095,0.34484053,0.21092705,0.124051765,0.14060093,0.25625002,0.48277557,0.13308443,-0.05137473,-0.0005003084,-0.24105424,-0.06675775,0.052934743,-0.036835656,-0.32745564,-0.19439493,-0.39193735,-0.20453723,0.11618731,0.31666017,-0.08104178,0.062920585,-0.052890126,-0.03677725,-0.029759198,-0.17153193,0.08546281,0.0042914557,-0.06877723,-0.09508406,-0.2025665,-0.2820938,0.48499057,-0.011733212,0.052324235,-0.0393359,0.15138327
-0.40659374,-0.0009788688,-0.03725239,-0.07392014,-0.46235713,0.22241338,-0.09890795,-0.017003847,0.13194929,0.35409087,0.2708944,-0.023311226,0.010292779,0.27258104,0.058458645,0.03480006,0.007984335,0.07408016,-0.16881295,-0.030387778,0.46110633,0.04475065,0.2661527,0.0200929,-0.11627487,-0.17061748,0.082578816,0.19215779,0.18546067,-0.0102148475,0.18546228,-0.10119601,0.097989306,-0.19033447,-0.17535375,0.2163612,-0.18075489,0.00053912634,-0.15393569,-0.109343216,-0.034843843,-0.106254034,-0.14386326,-0.0335714,-0.06732887,-0.13833402,0.1465064,0.13431941,0.041585088,0.13264559,0.072660916,-0.1565194,0.08125989,-0.20331109,0.17465277,-0.06569971,0.020591982,-0.012855512,-0.018346269,0.00061738613,-0.3666005,0.21120231,0.097418725,0.21778412,0.17083079,-0.06581152,0.11038122,0.10757613,-0.13576454,-0.053125925,-0.078344285,-0.0011617477,-0.04141197,0.17948616,0.10614842,0.10208523,-0.14914136,-0.30692127,-0.099554755,-0.0046947766
-0.056161176,-0.30509067,-0.21259777,-0.012944508,-0.056227192,-0.15072519,0.07673625,-0.0057594604,0.06027151,-0.03268515,-0.122065045,-0.047446758,-0.08546303,0.09405365,0.20387298,-0.19421804,-0.13054222,0.39490733,-0.1438579,-0.14439538,0.04475065,0.88783264,-0.05030025,0.39645535,-0.10579648,0.1629226,-0.06791328,0.1807789,-0.09890113,0.37332562,0.2923068,0.42118534,0.38805386,-0.032819625,-0.49524933,-0.4273034,0.1720413,0.514017,-0.21677586,0.10034725,0.13738152,0.18264782,-0.3027386,0.26365155,-0.21108167,0.3150516,-0.031879153,-0.110240996,-0.20773,-0.14057893,-0.004750997,-0.061240926,0.2235265,-0.0060221697,-0.25260186,-0.09557442,-0.15065038,0.34479818,0.0644326,0.08179382,-0.04213282,-0.41810998,0.085667744,0.20933251,0.048954297,0.26588127,0.32496864,0.23494533,0.07708624,0.12413651,0.14632086,-0.12732309,0.17422557,-0.30306238,-0.02991744,-0.33378634,-0.0016446745,-0.21142244,0.066393435,0.19454288
-0.16453962,0.22397992,-0.2559495,-0.54282796,-0.08475057,0.20610522,-0.06196939,-0.10128102,-0.07463665,-0.11935329,0.5020334,-0.08217471,-0.15576509,0.36666304,0.0032320945,-0.35226128,-0.34169453,0.31098327,-0.39615488,0.39324725,0.2661527,-0.05030025,1.6193371,-0.40907818,-0.16531356,-0.008528625,-0.5973698,0.76585907,0.06262633,-0.13113295,0.12854396,0.0314392,0.46588147,0.45056206,-0.06460081,0.11156718,-0.16442893,0.20052497,-0.6926733,-0.0038529842,0.07643104,0.4171448,-0.6116833,-0.55808794,0.40622237,-0.35095567,-0.01181495,0.028496291,0.2814113,0.91462016,0.23482066,-0.11549244,0.22531542,-0.21749447,-0.5012877,-0.27452734,-0.22317237,-0.47406676,-0.39344144,-0.44280764,-0.7262728,0.42231828,0.0044316547,0.18161781,0.14403854,0.16720317,0.08031097,0.047884755,0.0639523,-0.1853496,-0.029926667,0.16328464,-0.16503572,0.17511043,-0.06377264,0.3619547,-0.3753951,-0.23176493,-0.13607651,-0.09127392
-0.111619286,-0.12452092,-0.011231193,0.28439066,-0.18160817,0.12980384,0.09142234,-0.044405874,0.18734129,-0.010410009,-0.056490082,0.21491355,-0.19441326,0.048370242,0.06983818,-0.028115878,0.017091041,0.035095062,0.12201291,-0.025982812,0.0200929,0.39645535,-0.40907818,0.55051154,-0.09405915,-0.049409054,0.3451247,-0.3004981,-0.089181684,0.078055,0.1442656,0.32217053,0.09875203,-0.3978299,-0.38902703,-0.31457773,-0.010703711,0.13019618,-0.17419294,0.08396436,-0.038788036,-0.25717866,-0.10898735,0.3487838,-0.09503467,0.27085716,0.13465692,0.047613643,-0.21653095,-0.25191924,0.14290804,-0.0012379509,0.20792633,-0.19263737,0.027312223,0.009429462,0.12920612,0.37133434,0.105182014,0.0010144421,-0.028570682,-0.28717107,0.24772885,-0.05660359,-0.1274383,-0.022872347,0.13877384,0.14865997,-0.18933618,0.15080322,0.004250838,-0.14769454,0.081899785,-0.2218002,-0.28967434,0.15884224,-0.031551063,-0.028912103,-0.063649274,-0.21170194
0.26205453,-0.15952449,-0.063921645,0.051660836,0.08353486,0.42074525,0.15181011,0.59905887,0.58349055,0.17173578,0.2014604,0.37106133,0.1488732,-0.007143805,0.30670086,0.462634,-0.29577225,-0.29336226,0.13490516,-0.16448222,-0.11627487,-0.10579648,-0.16531356,-0.09405915,1.4050045,0.4041589,0.2911331,0.36568195,-0.30031657,0.4993758,0.009250412,-0.050134704,0.15294902,0.036784317,0.42064458,-0.04660948,-0.027238308,0.2442634,0.5868779,-0.050383113,-0.15043831,0.4874394,0.2714083,0.20727815,-0.15438987,-0.067853004,-0.40515926,0.1275739,-0.114419505,0.59168696,0.2619149,0.31735533,0.1656158,0.22659218,-0.07957549,0.24066997,-0.0018658877,-0.21503486,-0.16979294,0.2182693,0.21877189,-0.08478355,0.16812438,-0.07138112,0.25409374,0.041417733,-0.055016093,-0.20405649,0.34068507,0.05374707,0.09741651,-0.17408736,0.3344395,0.17635785,-0.07108605,-0.28706634,0.19159323,-0.07716752,0.254689,-0.28878823
0.28423437,-0.26052737,-0.12968577,-0.18771748,0.08009059,0.38408822,0.17571872,0.28175458,0.5251853,0.5529333,-0.14905813,0.29411727,0.20321535,-0.03280084,0.1460482,0.27272516,-0.021240883,0.24070418,0.09971239,0.026086193,-0.17061748,0.1629226,-0.008528625,-0.049409054,0.4041589,0.910854,-0.4116594,0.22022352,-0.1765396,0.21438643,0.0974602,-0.05597406,0.30497566,0.35694018,0.30525365,-0.3176656,0.20067768,0.3278959,0.11929894,0.01232154,0.26892087,0.31511864,0.059936132,0.22472818,0.29785937,0.3096678,0.04136751,0.10694999,0.07398486,0.4940125,0.09073905,-0.00018594695,0.25038093,0.37781495,-0.1925404,0.10725824,-0.2795699,-0.03735348,-0.069480814,-0.061448373,0.1597604,-0.3426833,-0.21746393,-0.09483133,0.079637796,0.43456903,-0.05887276,-0.0738188,0.32594377,0.03228773,0.1218829,0.022286048,0.032716285,-0.079760596,-0.030322218,0.16467819,-0.3569301,0.2269215,0.2290595,0.36824474
0.051035803,-0.004098526,0.039209425,0.45323452,-0.37982512,0.16934876,0.15792237,-0.04377315,0.27112934,-0.053461153,0.21434937,0.14860249,-0.20379575,0.05730345,-0.06166722,0.2846902,-0.08921174,-0.18496116,0.07273311,-0.26982728,0.082578816,-0.06791328,-0.5973698,0.3451247,0.2911331,-0.4116594,0.8940846,-0.5708421,0.02626213,-0.042105187,-0.021229537,0.033501323,-0.3542774,-0.48217282,-0.21398036,0.031373497,-0.18053769,0.03732868,0.2571823,0.14626522,-0.30773,-0.41194865,0.21838981,0.00528168,-0.42033136,-0.0334989,-0.095929585,0.010342055,-0.26424226,-0.32283837,0.042394593,0.3166572,0.1659003,-0.04475206,0.25861463,-0.046293844,0.33282334,0.22259125,0.093361884,0.204139,-0.013639303,-0.022931086,0.3037027,-0.054022346,-0.06437474,-0.36917433,0.0023999664,0.0128403865,-0.18800771,0.0794615,-0.19647865,-0.0919079,0.14543593,0.19569682,-0.073455304,0.023149427,0.292843,0.0065628598,-0.030874826,-0.6438522
-0.09758393,-0.030118585,-0.22271205,-0.5622121,-0.2520051,-0.5175455,-0.16012847,-0.060027555,0.21591277,0.0856214,0.05395947,-0.028191732,0.021037644,0.07300039,0.19041948,0.08190546,-0.38739213,-0.016656645,-0.2135226,0.016011799,0.19215779,0.1807789,0.76585907,-0.3004981,0.36568195,0.22022352,-0.5708421,1.276297,-0.07240693,0.42619306,0.30230004,0.112979606,0.59700286,0.078491904,0.32357055,0.06558879,0.112589195,0.07320198,0.002140216,-0.30757654,0.18528667,0.48565736,-0.3244541,-0.056447413,0.15283509,-0.43356773,-0.27165934,0.056970175,0.18900646,0.6502861,0.30570215,-0.3428339,-0.15182754,-0.407279,-0.40125415,0.026109885,-0.45036864,-0.46304744,-0.2597443,-0.11094759,-0.14587703,0.18681166,-0.20587482,0.30165687,0.37411526,0.25877804,0.16336107,0.14237584,0.37235016,-0.11025629,0.28855327,-0.100353114,-0.006120894,-0.063415326,-0.118003465,-0.3913018,-0.41456193,-0.5329208,0.3153758,0.2898958
-0.2431212,-0.050083816,-0.03279698,-0.03937743,-0.30124614,-0.09023102,0.09669447,-0.22979498,0.044676926,0.18259618,0.17597914,-0.22583118,-0.05487576,0.016638922,-0.20436093,-0.11961716,-0.1072986,0.14789474,-0.21751542,0.16538742,0.18546067,-0.09890113,0.06262633,-0.089181684,-0.30031657,-0.1765396,0.02626213,-0.07240693,0.42120847,-0.2203994,0.20162414,0.13326398,-0.051021043,-0.053990442,-0.31327888,0.14059398,0.1455502,-0.11981045,0.06947037,-0.03494645,0.044455726,0.016706223,-0.038647063,-0.0083933165,-0.07608523,0.047564052,0.035192303,-0.004948995,0.16292346,0.05505225,-0.117592774,0.013837597,-0.105699435,-0.14355245,0.19164118,-0.09479088,-0.10566173,-0.25844136,-0.033926062,-0.15243727,-0.17940047,0.15446131,0.09160896,0.17930003,0.2157419,-0.25198203,0.026910353,0.09081212,-0.084128045,0.046943717,-0.08104533,-0.01602118,-0.05881792,-0.024908965,0.123062745,0.1433767,0.054258753,0.017804151,0.0930131,0.20724845
0.053239215,-0.15451735,-0.084702395,-0.06611673,0.062815815,-0.14033939,-0.044710558,0.30357802,0.14591762,-0.041221455,-0.13641657,0.027408158,0.103221424,0.0016926067,0.26019442,0.11368147,-0.08206801,-0.01041276,0.0075160814,-0.19566908,-0.0102148475,0.37332562,-0.13113295,0.078055,0.4993758,0.21438643,-0.042105187,0.42619306,-0.2203994,0.4807245,0.07794574,0.10595749,0.23986353,-0.020006351,0.1139699,-0.12392279,0.046102244,0.20887475,0.16905816,-0.10385809,0.036742795,0.2857484,-0.010064507,0.23122604,-0.15756314,-0.006335546,-0.21549024,0.017300375,-0.10345089,0.113086,0.09397579,-0.055631474,0.029756099,0.0327999,-0.16930485,0.10451253,-0.10040102,0.06581806,-0.022037461,0.21843684,0.17396826,-0.18426193,0.004234705,0.10097932,0.12984046,0.24234286,0.12971507,0.025454238,0.21664244,0.019579262,0.17500204,-0.1322106,0.17122908,-0.04821711,-0.027121665,-0.5016464,0.03950214,-0.30107284,0.18438396,0.10938893
-0.24712184,-0.27537706,-0.15142342,-0.0821338,-0.40783468,-0.010753803,0.14587177,-0.3307725,0.32131457,0.4683112,0.23319419,0.14535382,-0.11614796,0.051472735,0.047220483,-0.019365583,-0.33930308,0.11115671,-0.13995704,0.061935287,0.18546228,0.2923068,0.12854396,0.1442656,0.009250412,0.0974602,-0.021229537,0.30230004,0.20162414,0.07794574,0.47918743,0.30477995,0.3877492,-0.16715321,-0.37562162,-0.17094357,0.2494439,0.22212622,0.045750856,0.013563058,0.09307618,0.14981514,-0.19510628,0.19532861,-0.057331543,0.14413863,0.039887022,-0.014216616,-0.03147187,0.12643702,0.11368796,-0.02939728,0.02431532,-0.2806482,0.050966315,-0.012219984,-0.24039921,-0.10416553,-0.017240018,-0.18904842,-0.19984186,-0.0811939,0.09191127,0.22453868,0.2834433,-0.16570091,0.19844624,0.21651547,0.045322098,0.15414506,0.1048023,-0.1588909,0.12784213,-0.30339667,-0.02826324,0.11937937,-0.13730244,-0.012688661,0.085479744,0.15482314
-0.09727141,-0.11794594,-0.17205279,0.031681255,-0.10279618,-0.32725325,0.22901198,-0.09047284,0.18249002,-0.42405042,-0.009883128,-0.11138436,-0.33411258,-0.053203017,-0.092736505,-0.3393965,-0.34877333,0.21130677,-0.14679773,0.35093096,-0.10119601,0.42118534,0.0314392,0.32217053,-0.050134704,-0.05597406,0.033501323,0.112979606,0.13326398,0.10595749,0.30477995,0.80225897,0.31447306,-0.19789208,-0.5549316,-0.36554798,0.28886354,0.07021231,-0.15502977,-0.010534273,0.09234199,0.2620621,-0.33594668,0.35814384,-0.027860885,0.24362567,-0.18329221,-0.0147845065,0.05618148,0.26329172,0.17793679,0.03822399,0.07254523,-0.41013238,-0.29963127,-0.07571567,-0.17641822,-0.20277306,-0.17432316,-0.27316895,-0.091744825,-0.18670411,0.36623955,0.08485833,0.13529061,-0.043660555,0.1818287,0.20224454,-0.017125329,0.19190738,0.10038028,-0.23857403,0.058017083,-0.39387882,-0.44944653,0.038613845,0.049048588,-0.13712792,0.2906564,0.039110627
-0.26038823,-0.21706134,-0.14455438,-0.21367553,-0.033410557,0.1564655,0.025348125,-0.034851912,0.17953108,0.29508948,0.15346292,0.23213811,-0.03200639,0.09312791,0.23676951,-0.1854939,-0.2590655,0.08920757,-0.06210392,0.20776308,0.097989306,0.38805386,0.46588147,0.09875203,0.15294902,0.30497566,-0.3542774,0.59700286,-0.051021043,0.23986353,0.3877492,0.31447306,0.6341476,0.02805842,-0.22828248,-0.2641832,0.17441477,0.26434034,-0.21033803,-0.046105452,0.1429337,0.40467522,-0.3475861,0.27783373,0.1756314,0.15973039,0.06299402,0.04315494,-0.0053284294,0.3856414,0.24254058,-0.14510404,0.083121,-0.25513595,-0.18168405,0.07662818,-0.25640237,-0.088018894,-0.099891506,-0.23438098,-0.2009528,-0.11434637,0.09609371,0.13949917,0.21398522,0.102331944,0.20728509,0.14631568,0.09635746,0.11892784,0.21632364,-0.15661065,0.13122025,-0.365548,-0.15198083,0.10971551,-0.22563411,-0.10315444,-0.010176319,0.21324104
0.24842079,-0.01340524,-0.06332807,-0.23643765,0.5132075,0.20392284,0.03132801,0.23207098,-0.23868775,-0.0314504,-0.014102136,-0.16161236,0.22031146,-0.010186659,0.027566725,-0.16899921,0.04269988,0.27063742,-0.112611264,0.08030063,-0.19033447,-0.032819625,0.45056206,-0.3978299,0.036784317,0.35694018,-0.48217282,0.078491904,-0.053990442,-0.020006351,-0.16715321,-0.19789208,0.02805842,0.6839295,0.16328855,-0.015160123,0.07493647,0.23114549,-0.058434155,0.1169312,0.12143705,0.4324735,0.005168211,-0.25806698,0.15273431,0.10944767,-0.052981723,-0.11685927,0.11627942,0.2665161,-0.22409879,0.12350856,0.06590053,0.5270102,-0.20605879,-0.056886606,-0.12631479,-0.120183565,-0.07777206,-0.01807463,0.040007588,-0.027272126,-0.19874826,-0.022676744,-0.0030046804,0.26104885,-0.08423556,-0.1741215,0.21265547,-0.07908607,0.0023027428,0.18842322,-0.00052044395,0.09255189,0.31457287,-0.07499482,0.09435535,0.23118237,-0.03671999,0.29082602
0.49116558,0.23085459,0.067946814,-0.21155913,0.057466,-0.278857,-0.17621416,0.180922,0.15646155,-0.016348928,-0.30705905,0.08499229,0.20840524,-0.13457099,-0.0029793098,0.5688656,0.15206078,-0.28729826,0.20751119,-0.271313,-0.17535375,-0.49524933,-0.06460081,-0.38902703,0.42064458,0.30525365,-0.21398036,0.32357055,-0.31327888,0.1139699,-0.37562162,-0.5549316,-0.22828248,0.16328855,1.02474,0.24591942,-0.16179483,-0.24499655,0.3168494,-0.1909059,0.03867261,-0.1290451,0.3242673,-0.29364526,0.21913308,-0.48019025,-0.17986037,0.09629401,0.13229333,0.18848763,0.0869505,-0.13394421,-0.13853307,0.19721964,-0.1501574,0.10815628,-0.05067787,-0.1603731,-0.062402386,0.199491,0.34129712,0.13992786,-0.48957407,-0.18995377,-0.114692934,0.31701067,-0.27609143,-0.2103542,0.30786616,-0.25981072,0.041874163,0.16103253,-0.18132818,0.3877293,-0.022198688,-0.23235723,-0.32518852,-0.063736334,0.22909705,-0.03548714
-0.17897807,0.2107368,0.13309418,-0.06627631,-0.058690827,-0.04535172,-0.21336153,0.07900272,-0.2241498,-0.0024475767,0.08962844,-0.20939915,0.14890133,0.05594396,-0.05798457,0.060496237,0.17060593,-0.1932414,-0.05866919,-0.051489197,0.2163612,-0.4273034,0.11156718,-0.31457773,-0.04660948,-0.3176656,0.031373497,0.06558879,0.14059398,-0.12392279,-0.17094357,-0.36554798,-0.2641832,-0.015160123,0.24591942,0.47292462,-0.21284726,-0.33976778,0.10573143,-0.16712031,-0.10917768,-0.10407826,0.14409043,-0.22661279,-0.0546681,-0.34294182,0.0018892641,0.064666845,0.13340661,-0.025677677,-0.097821385,-0.09390789,-0.22018024,-0.028447565,0.23497981,0.017467288,0.114039384,-0.16784589,-0.002392104,0.119231276,-0.058177877,0.38724166,-0.06415845,0.068494186,0.065082006,-0.13343796,-0.1051128,-0.09783071,-0.08017759,-0.15213737,-0.098666675,0.094216794,-0.11170935,0.3284757,0.2312668,-0.118295014,0.085741475,-0.1842646,-0.07962549,0.0031380262
0.072963625,-0.24211636,-0.077999756,-0.067878254,0.032273546,-0.33377862,0.16863462,-0.27105606,0.07380996,0.14569616,-0.09044367,-0.03630709,-0.020166274,-0.21737325,-0.063530736,-0.07328692,-0.22838715,0.086710736,-0.04896142,0.07002116,-0.18075489,0.1720413,-0.16442893,-0.010703711,-0.027238308,0.20067768,-0.18053769,0.112589195,0.1455502,0.046102244,0.2494439,0.28886354,0.17441477,0.07493647,-0.16179483,-0.21284726,0.418605,0.099231206,0.25434726,0.039700992,0.15927248,0.24610701,0.008190618,0.1839343,-0.036369488,0.22811927,-0.09186054,-0.13908531,0.021707268,-0.058997493,-0.09073614,0.051111527,-0.1667579,-0.025311131,-0.020067476,0.037839644,-0.2765634,-0.15015489,0.02377842,-0.121320486,0.18102923,-0.1926398,-0.07375592,0.08709975,0.16963516,-0.08823636,0.065187186,0.093922265,0.17016673,0.1507904,0.15058182,-0.107505456,0.100344196,-0.37685022,0.032709856,-0.10305585,0.051340945,0.21056496,0.21582147,0.35639986
0.22247481,-0.29628512,-0.25491115,-0.03743727,-0.10378177,0.28128582,0.22509994,-0.06983264,0.27930245,0.30883414,0.20332548,0.18561544,-0.046050865,0.14581665,0.1676916,0.089903615,-0.29094055,0.35435778,-0.14184248,-0.24509223,0.00053912634,0.514017,0.20052497,0.13019618,0.2442634,0.3278959,0.03732868,0.07320198,-0.11981045,0.20887475,0.22212622,0.07021231,0.26434034,0.23114549,-0.24499655,-0.33976778,0.099231206,0.7115932,-0.030710788,0.29182783,0.041849155,0.20700526,-0.12978995,-0.12089169,-0.16420051,0.21239637,-0.066885665,-0.14876936,-0.2318908,0.08401373,-0.02020785,0.23325604,0.38182244,0.3210409,-0.20708993,-0.14681442,-0.12336179,0.22186317,0.010403258,0.049119227,-0.13524199,-0.30799517,-0.032940578,0.12128949,0.062013477,0.14407137,0.17648667,0.08213701,0.20023237,0.06967462,0.01908733,0.016020885,0.22604057,-0.048959013,0.16843054,-0.073502034,-0.011127494,0.13063246,-0.016286558,-0.08990466
0.25620967,-0.20939118,0.047566857,0.08984384,-0.07029591,-0.29338852,0.11669906,-0.055435088,0.23886342,0.3189019,-0.07181418,0.033392765,0.17599346,-0.2823074,-0.013256423,0.44310308,-0.14997783,-0.27457422,0.08865716,-0.33331314,-0.15393569,-0.21677586,-0.6926733,-0.17419294,0.5868779,0.11929894,0.2571823,0.002140216,0.06947037,0.16905816,0.045750856,-0.15502977,-0.21033803,-0.058434155,0.3168494,0.10573143,0.25434726,-0.030710788,0.8588484,-0.028530143,-0.04236362,0.093588814,0.48825586,0.090627655,-0.32779703,-0.040156785,-0.27988276,-0.094525054,-0.077338,-0.22089049,-0.15613839,0.21007831,-0.2842825,0.2043895,0.27842173,0.17408584,-0.09974892,-0.14608194,0.109783776,0.26169127,0.460235,-0.07227321,-0.16608891,0.042456437,0.22503829,-0.23475699,-0.085932426,-0.081220336,0.2739083,0.0735805,0.07843688,-0.09794012,0.2017614,-0.003166831,0.26281023,-0.44404927,0.26982158,0.17201182,0.29970184,0.12852004
0.16998206,-0.09099196,-0.04794851,0.119315125,0.07255,0.19776544,0.14757644,-0.17919905,-0.0285912,0.07013397,0.12816249,0.12021897,-0.07567483,0.0061865374,-0.013173321,-0.023947375,-0.09401892,0.1021374,2.9729312e-05,-0.09509512,-0.109343216,0.10034725,-0.0038529842,0.08396436,-0.050383113,0.01232154,0.14626522,-0.30757654,-0.03494645,-0.10385809,0.013563058,-0.010534273,-0.046105452,0.1169312,-0.1909059,-0.16712031,0.039700992,0.29182783,-0.028530143,0.2684354,-0.054865118,-0.049492706,0.012497815,-0.15363707,-0.08511982,0.1609679,0.038950752,-0.14944078,-0.1708275,-0.19746646,-0.09906618,0.23278695,0.15537736,0.2186551,-0.00012197177,-0.09013481,0.060044162,0.19100742,0.07799645,-0.01253535,-0.037035022,-0.14071387,0.0009895259,-0.04803438,-0.104396805,-0.097151436,0.021156313,-0.0018530106,-0.011082645,0.06323963,-0.06283189,0.05379808,0.10602029,-0.05714237,0.11492906,0.122737944,0.12202814,0.30371675,-0.15379837,-0.18941857
0.056879006,-0.07302038,-0.08530023,-0.17236827,-0.056280788,-0.1776798,0.035886634,-0.054709826,0.11420765,0.10069149,-0.15297066,-0.068709806,0.021704862,-0.040238116,-0.042078268,-0.0042017233,-0.021743601,0.19779706,-0.060307045,0.06846938,-0.034843843,0.13738152,0.07643104,-0.038788036,-0.15043831,0.26892087,-0.30773,0.18528667,0.044455726,0.036742795,0.09307618,0.09234199,0.1429337,0.12143705,0.03867261,-0.10917768,0.15927248,0.041849155,-0.04236362,-0.054865118,0.19305018,0.09618248,-0.08416198,0.059288632,0.13946953,0.07732798,0.010664464,0.009603577,0.12153209,0.1512033,-0.0037410932,-0.1264672,-0.0015189549,0.0020013256,-0.14132142,-0.029862989,-0.21356311,-0.09143392,-0.043414406,-0.09326338,0.029467044,-0.09836337,-0.14591813,0.04886105,0.05563775,0.19710188,0.017657505,0.060854446,0.12186424,-0.0085339565,0.072375946,0.015093,-0.0841589,-0.09906398,-0.039905958,0.0058122445,-0.2205508,-0.0062352824,0.1765805,0.31193727
-0.10841275,-0.18833286,-0.09274853,-0.2175681,0.49414474,0.18201512,0.0690994,0.4075553,-0.09030897,-0.048286237,0.12465645,-0.109097876,0.1818825,-0.02778878,0.20366113,-0.34369048,-0.21276245,0.11664567,-0.1501999,0.29087397,-0.106254034,0.18264782,0.4171448,-0.25717866,0.4874394,0.31511864,-0.41194865,0.48565736,0.016706223,0.2857484,0.14981514,0.2620621,0.40467522,0.4324735,-0.1290451,-0.10407826,0.24610701,0.20700526,0.093588814,-0.049492706,0.09618248,0.85534364,-0.12440608,0.23333156,0.029016707,0.22138286,-0.20776652,-0.036116444,0.10998899,0.5385652,-0.022191215,0.10717504,-0.04021175,0.15620914,-0.18073782,0.12167817,-0.22809012,-0.34163675,-0.17999429,-0.08830182,0.026922274,-0.048943188,0.16986775,0.12480353,0.3187227,0.09809423,0.087270364,-0.08454895,0.22818592,0.10388299,0.18151987,-0.11739396,0.22055045,-0.21005984,0.12189937,-0.2443081,0.28068018,-0.02645185,0.10428872,0.39384666
0.18928494,-0.03736859,0.16501988,0.17816572,0.15245946,0.054167945,-0.0044906004,0.11613142,-0.012147343,0.18822123,-0.13273077,0.054950744,0.2159933,-0.1807306,-0.004939582,0.29627207,0.18347763,-0.24919687,0.19592457,-0.24243152,-0.14386326,-0.3027386,-0.6116833,-0.10898735,0.2714083,0.059936132,0.21838981,-0.3244541,-0.038647063,-0.010064507,-0.19510628,-0.33594668,-0.3475861,0.005168211,0.3242673,0.14409043,0.008190618,-0.12978995,0.48825586,0.012497815,-0.08416198,-0.12440608,0.45030564,0.031459425,-0.15195715,0.01858683,-0.03061887,-0.024642084,-0.08017992,-0.32717705,-0.18394865,0.14073014,-0.16216858,0.317425,0.30955157,0.1570649,0.12384328,0.0926584,0.1635016,0.25727382,0.3711414,-0.04029808,-0.13770555,-0.122872844,-0.041241944,-0.1159551,-0.16306832,-0.16626218,0.05739232,0.0031734048,-0.03268668,0.029500287,0.07279786,0.117378846,0.23821495,-0.1735286,0.22449851,0.22908439,0.0121905925,0.018230937
